10713 988 10
1 42 521 734
1 410 734
1 521
1 50 259 367
1 734
1
1 266 411 734
1 734
1 522 533 700 861
1 142 474
1 142
1 2
1 3 4 121 171 223 224 227 260 341 489 613 636 637 709 764 821
1 521 858
1 6 148 601 736 815
1 266
1 2 43
1 2 918
1 2
1 2 3 4 5 6 7 8 9 10 11 12 13 14 15 16 17 18 19 20 21 22 23 24 25 26 28 29 30 31 32 33 34 35 36 37 38 39 40 41 42 43 44 45 46 47 48 49 50 51 52 53 54 55 56 57 58 59 60 61 62 63 64 65 66 67 68 69 70 71 72 73 74 75 76 77 78 79 80 81 82 83 84 85 86 87 88 89 90 91 92 93 94 95 96 97 98 99 100 101 102 103 104 105 106 107 108 109 110 111 112 113 114 115 116 117 118 119 120 121 122 123 124 125 126 127 128 129 130 131 132 133 134 135 136 137 138 139 140 141 142 143 144 145 146 147 148 149 150 151 152 153 154 155 158 159 160 161 162 163 164 165 166 167 168 169 170 171 172 173 174 175 176 177 178 179 180 181 182 183 184 185 186 187 188 189 190 191 192 193 194 195 196 197 198 199 200 201 202 203 204 205 206 207 208 209 210 211 212 213 214 215 217 218 219 220 221 222 223 224 225 226 227 228 229 230 231 232 233 234 235 236 237 238 239 240 241 242 243 244 245 246 247 248 249 250 251 252 253 254 255 256 257 258 259 260 261 262 263 264 265 266 267 268 269 270 271 272 273 274 275 276 277 278 279 280 281 282 283 284 285 286 287 288 289 290 291 292 293 294 295 296 297 298 299 300 301 302 303 304 305 306 307 308 309 310 311 312 313 314 315 316 317 318 320 321 322 323 324 325 326 327 328 329 330 331 332 333 334 335 336 337 338 339 340 341 342 343 344 346 347 348 349 350 351 352 353 354 355 356 357 358 359 361 362 363 364 365 366 367 368 369 370 371 372 373 374 375 376 377 378 379 380 381 382 383 384 385 386 388 389 390 391 392 393 394 395 396 397 398 399 400 401 402 403 404 405 406 407 408 409 410 411 412 413 414 415 416 417 418 419 420 421 422 423 424 426 428 429 430 431 433 434 435 436 437 438 439 440 441 442 443 444 446 447 448 449 451 452 453 454 455 456 457 458 459 460 461 462 463 464 465 466 467 469 470 471 472 473 474 475 476 477 478 480 481 482 483 484 485 486 487 488 489 490 491 492 493 494 495 496 497 498 499 500 501 503 504 505 506 507 508 509 510 511 512 513 514 515 516 517 518 519 520 521 522 523 524 525 526 527 528 529 531 532 533 534 535 536 537 539 540 541 542 543 546 547 548 550 551 552 554 555 556 557 558 559 560 561 562 563 564 565 568 572 573 574 575 576 577 578 580 581 582 583 585 586 587 588 589 591 592 595 596 598 599 600 601 602 603 605 606 607 609 610 611 612 613 614 615 618 619 620 622 623 624 625 626 627 629 630 631 632 633 634 635 636 637 638 640 641 642 644 646 647 648 649 650 651 652 654 655 656 657 658 659 660 662 663 664 665 666 667 668 669 671 672 673 674 675 676 677 678 679 680 683 684 685 686 687 688 689 691 692 693 696 699 700 702 703 704 705 706 707 710 712 713 714 718 719 720 721 722 723 725 726 727 728 729 731 732 733 734 736 738 739 740 741 742 745 747 749 752 756 757 758 760 761 762 764 766 767 769 771 772 773 774 777 778 781 784 786 788 789 790 791 795 797 798 799 802 805 806 810 811 812 813 814 815 816 818 821 822 826 831 832 833 835 841 842 845 846 850 851 852 853 857 858 859 860 861 866 871 872 875 879 885 889 895 897 900 903 913 923
1 47 141
1 619
1 734
1 410 734
1 734
1 734
1 142
1
1 734
1 522
1 734
1
1 411 522
1 734
1 734
1 142
2 412
2 266
2 804
2 266 824
2 266
2 266
2 523
2 522
2 918
2 772
2 918
2 522
2 414 475 524 738 789
2 43 918
2 269
2 43 521 523
2 143 918
2 522
2 522
2 6 195 277 413 733
2 43
2 804
2 266 824
2 918
2 522
2 521
2
3 363 871
3 63 144 378 416
3 4 764
3 4 363
3 4 871
3 147 267 363 871
3 871
3
3 4 147
3 764
3 764
3 6 48 272 772
3 764
3 159 736 772
3 815
3 4
3 4 871
4 764
4
4 103 199 327 678 679
4
4 602 859
4 366 523 601
4 694
4 46 737
4 961
4 147
4 715
4 815
4 885
4
4 366
4 715
4 523 715
4 5 364 523 715
4 871
4 365
4 871
4 151
4 715
4 961
5 521
5 815
5 815
5 601 815
5 815
5 815
5 735
5
5 126 268
5 815
5 600
5 148
5 893
5
5
5 815
5
5
5 858
5 815
5 475
5 815
5
5 523 601
5 6
5
6 815
6 476
6 157
6 870
6 893
6 163 483 540 601
6 368
6 655 870
6 52 104 140 149 256 364 365 366 531 694 861
6 13 824
6 870
6 522
6 148 601
6 368
6 522
6 371
6
6 366
6 893
6 283 541
6 13 371 661 886
6 13 157 540 886
6 13
6
7
7 41 539 696
7 606
7 382
7 21
7
7 21
7 41 539
7 21 855
7
7 21 855
7 55 606
7 41 539
7 37 855
7 197 436
7 855
7 855
7 855
7 21
7 160 704
7 834
7 539
7 539 701
7
7 438
7 98 671
7 853
8 9 541
8 371 661 701
8 886
8 886
8 886
8
8 15
8 57 790
8 371 661
8 661
8 661
8 696
8 661
8 9
8 155 281 606 661
8 666
8 12 716
8 400
8 55 281 362
8 661
8 157
8 541
8 41 157
8 541 790
8 53 57
8 41
8 400
8 696
8
8 886
8 661
8 946
8 64 163 540 782
8 661
8 157 540
8
9 549
9 492
9 305
9
9 673
9 26 539 584 659
9 790
9 552
9 540
9 84 619 809
9 790
9 552
9 215 217
9 305 673
9 790
9 282 830
9 11 155 539 608 716
9 305
9 790
9
9 11 160 368 468 483 540 541 545 744
9 608
9 305
9 74 169 264 551 574 615 661
9 720
9
9 790
9 552
9 305
9 303
9 608
9 282 790
9 307
9 305
10 649 721
10 13
10 13
10 283 411 542 701 858
10 58
10 159
10 13
10 945
10
10 853
10 289
10 59 422
10 701
10 13
10
10 13 249 422
10 833
10 422
10 701
10 701
10 15 249 502
10 13
10 13 422
10 422
10
10 58
10 474
10 13 422
11 842
11 12
11 328
11 772
11
11
11 60
11 328
11 607
11 842
11 842
11 785
11 60 155 606 842
11 328
11 78
11 607
11 60
11 60
11 842
11 60
11 12 56 60 608
11 35 151 156 250 295 377 421 511 541 655 697 772 872
11 159
11 172
11 842
11 833
11 60
11 589 728
11 12 157 540 547 886
11 660
11 12
11 607
11 164 421
11 833
11 607
11 60
11 670
11 276 716 842
12 886
12 540
12 158
12 886
12 269
12 701
12 15
12 886
12 60
12 886
12 137
12 701 740
12 886
12 701
12 886
12 15
12 886
12 701
12 886
12 13 60 157 607 608
12 607
12 701
12 60
12
12 886
13 422
13 59 607
13 422
13 608
13 157 608
13 372 422
13
13 56
13 422
13 56 422
13 56
13 56 422
13 60
13 607
14
14 55
14 740
14 906
14 886
14 886
14 906
14 371
14 606 906
14
14 609
14 57
14 740
14 137
14
14 701 740
14 872
14 906
14 860
14 281
14 55 281
14 606
14 740
14 55
14 740
14 872 906
14 281
14 283 372 886
14 906
14 696
14 371 609
14
14 53 156 701 740 741 906
14 740
15 650
15 124
15 58
15
15 56 58 539
15
15 901
15 56 159
15 281 742
15 696
15
15 209 306 310 316 317 336 370 379 444 459 496 565 625 693 714
15 155
15
15 56
15 155 538 886
15
15 159
15 901
15 349
15 848
15 701
15 886
16 443
16 17 436
16 317 443
16 382 792
16 435
16 784
16 18 94 383 496 565 792
16 784
16 784
16 17 876
16
16 171 379 490 785 802
16 876
16 17
16 842
16 306
16 196
16 306 784
16 876
16 436 710 887
16 876
16 306
16 558 821
16 383 792
16 792
16 17 802
16 784
16 435 821
16 443
16 443
16 876
16 876
16 18
16 435
16 306
16 821
17 347 640 684
17 809
17 35 125
17 290
17 876
17 125
17 636
17 821
17 125 697
17
17 290
17
17 347
17 834
17 726
17 126 347
17 435 821
17 125
17
17
17 338
17
17 125
17 64 124 125 126 697 831
17 69 168 551
17 125
17 551
17 347
17 346
17 641
17 636
17 33 697
17
17 125 726
17 33 347 697
17 415 907
17 236
18 444
18 19 566 719
18 444 496 793 865
18 382 443
18 625
18 915
18 640
18 317
18 383 792
18 915
18 19 20 92 915
18 19 383
18 21 176 444 445 793
18
18 915
18
18 196
18 621
18 444 793
18 437 560
18 876
18 80 170 298 316 381 444 675
18 443
18 89 196
18 382
18 444
18 155
18 640
18 643
18 444
18 383
18 444 470 612 922
19 792
19 196 383 792
19 495
19 92 445
19 565 566 792
19 252
19 497 625
19 383
19 676
19 676
19
19 792
19 196
19 318
19 382 383 496
19 495
19 792
19 715
20 196
20 91 94
20 186
20 31 94 182 498
20 94 186
20 186 675
20 269 475
20 186
20 29 93 132 162 244 287 338 382 658 691
20 186
20 187 445
20 445 498
20 94
20 186
20 91 186 187 384 445 497 715
20
20 186
20 94 186
20 94
20 496
20 23
20 23
20 87
20 875
20 90 877
20
21 182
21 855
21 182 783
21 361 560
21
21 573
21 123 230 580 674 683
21 182
21
21
21 188
21 448 855
21 131 243 409 439
21 311
21 197
21 197
21
21
21 855
21 197
21 438
21 252
21 91 187
21 855
21 252 570 676 855
21 197
21 347 485 518 550 596 621 684 692
22 627 649 719
22 436 710 715
22 342 755
22 35 755
22 755
22 36 227
22 23 104
22 36
22 77 89 385
22 746
22 23 746
22 106
22 36
22 342 755
22 26 34 36 227
22 34 342
22 35 755
22 835
22 829
22 23 106 333 385 746
22 755
23 129 644
23 234
23 335
23 163 286
23 452 720 746
23 235
23 385
23 576
23 106
23 235
23 333
23 576
23 362 870
23 333
23 385
23
23 416 527 538 552 615 655 860
24 817
24 113 748
24 938
24 817
24
24 505 722
24 632 817
24 27 28 29 338
24 28 31 813
24 338 387
24 817
24 167 168
24
24 112 113 817
24 218
24 34 117 120 212 231 232 337 344 493 507 586 632 796
24 196
24 817
24 817
24 681 749
24
24
24 338
24 25 31 107 213
24 27 29
24
24 459 632
24 846
24 218
25 110 624
25
25 213
25 199 203 204 220 786
25 28
25
25 629 680
25 28
25 27
25 813
25 29 30 908
25 386
25 213
25 30 213
25
25 386
25 28
25 338
25 908
25 338
25 427 547 561 850 884
26 750 808
26 835
26 505
26 91 94
26
26 35 214
26 36
26 36 835
26 580
26 627
26 36 483 493 744
26 677
26 322 573 574 627
26 28 213 580
26 698
26 753
26 649
26 250
26 36 326 361 391 835
26 35 342
26 27 29 338
26
26 575
26
26
26 588
26 94
26 90
26 339 461 687
26 227
26
26 28
26
26 215
26 28
26 27 29
26 857
26 140
26 498
27 29 580
27 28
27 338 908
27 29
27 338
27 908
27 338
27 29
27 29
28 30
28 813
28 30
28 36 123 231 343 345 511 639 687 779
28 213
28 813
28 338
28 30
28 584
28 254 388 830
28
28 813
28 168 169 238 255 296 378 512 551 674 712 783
28 213
28 30
28 813
28 912
28 30 213 338
28 456
28 338
29
29 107 109
29 107
29 213
29 580
29 578
29 213
29 819
29 107 109
29 209 211 216 460 632 822
29 636
29 580
29 578 819
29 578
29 107 578 968
29 109
30 153 362 600
30 636
30 132 244 442 623
30 908
30 235 795
30 338
30 511
30
30 738
30 636
30 636
30
30 634
30 104
30 213
30
30 338
30 511
30
31
31 819
31 830
31 32 819
31 32
31 819
31
31 108 305 633 679
31 723
31 117 209 822 851
31 830
31 219 583
31 460 581 723
31
31 32 583 839
31 460 819
31 460
31
31 830
32 37 393
32
32 202
32 104 198
32 104 107 213 829 830
32 819
32 393
32
32 394 590 591
32 460 884
32 744
32 512
32
32 217
32 239 848
32 37
32 40
32
32 40
32 117 118 261 307 551 651 780 794
32 216
32 37
32 393
32 198
32 727
32 37 393 884
32
32 130
32 255
32 591
32 40
33 224 508 510 687 852
33
33
33 461
33 36 223 342 511 587
33 224 852
33 508 778
33 510 869
33 510
33 221 222 508
33 225 462 697
33 225
33 587 697
33 852
33 35 123 587 835
33 461 633 852
33 682 687
33 640
33 510 869
33
33 816
33 225
33 634
33 225
33 224 390
33 689
33 224 852 869
33 591
34 218 220
34 332 345 639
34 214
34 755
34 508
34 342
34 755
34 755
34 35
34 342
34 342 755
34 35 123 585 755
34 342
34 755
34 35 342 755
34 225
34 415 755
34 36 62 63 225 511
34 225 342 493 586 973
34 35 36 755
34 755
34 650
34 342 684 755
34 639
34
34
34
34 755
34 585
34 35 36 342 755
35 511
35 819 884
35 580 697
35
35 174
35
35 725
35 225 682
35 344 591 917
35 36
35 755
35 342
35 755
35 755
35 592
35 755
35
35
35 391 847
35 725
35 36 312 342 343 381 721
35 744
35 903
36 227
36 227
36 835
36 231 463
36 744
36 203 225 679
36 227
36 227
36 348
36
36 227
36 227
36
36 944
37 898
37 233
37 468 513
37 129 239 240 590 727 728 850
37 235
37 233 795
37 38 130 879
37 233
37 648
37 233
37 38 879
37 393 743
37 685
37 512
37 233
37 512
37 236 393
37 743
37 136 408 420 574 575
37 47 172
37 234 255
37 512
37 233
38 468
38 891
38 891
38 591
38 464 687
38 39
38 130
38 235
38 879
38 685
38 39
38 879
39 879
39 513 756
39 130
39 879
39 394 467 513 756
39
39 105
39 105
39 96 320
39
39 105
39 105
39 683
39 778
39
39 130
39 130
39
39 168 378 496 565 566 979
39 287 335 455 539 557 562 618
39 879
39 221
39 221
39 130 469 644 646 879 891
40 651 652 780
40 125 697
40 953
40 953
40 834
40 222 250 377 550 556 637
40 653
40 649
40 689 794
40 834
40 57 544 607
40 125 726
40 125
40 125
41 606
41 55
41 606 696 926
41 606
41 661
41 55 539
41 606
41 661
41 926
41 926
41 696
41 790
41 606
41 926
41 926
41 606
41 539 696
41 926
41 57 155 281 606 696 926
41 59 606 696
41 539 606
41 661
41 926
42 152
42
42 527 699
42 140 141
42 885
42 251 557 618 763
42 412
42 560
42
42 700
42 275
42 274 526
42 49 699 860
42 699
42 521
42 287
42 273 699
42 158
42 860
42 522
42 699
42 734
42 140
42 885
42 275
42 140
42 699
42 140
42 140
42 527
42 736
42 417 528
42 699
42 44 126 140
42 279 760
42
43 523
43
43 266
43 143 266
43 143
43 522
43 523 824
43 143
43 523
43 266
43 918
43 142 412 824
43 143
43 522
44
44 147
44 266
44 147
44 140 142
44 736
44 46
44 140 858
44 45 46 764
44 268 363 871
44 764
44 368
44 368
44 871
44 149 367 738 804
44 141
44 46
44 45 266 268
44 368
44 147
44 294 871
44 368
44 413 475
44 147
44 46 368
44 521 736
44 143 824
44 45 147 368
44 45 147
45 147
45 526 531 813
45 871
45
45 871
45 479 580 813
45 147
45 363
45 147
45 736
45 147
45 871
45 50 527 860
45 163 483 885
45 147
45 268
45 368
45 147 363
45 46 147 368 871
45 147
45 46 368
45 147
46 267 362 735
46 145 267 600 735
46 145
46 871
46 735
46
46 600
46
46 141
46 145
46 600
46 145
46 484
46
46 232 411 522 762 824
46 146 735
46 696
46
46 143 266 362
47 141
47 141
47 411 521
47 149 414
47 149
47
47 789
47 413 414
47 141
47 804
47 141 149
47 789
47 893
47
47 414 789
47
47 140
48 773
48 773
48 52
48 273 274
48 272 655
48 525
48
48 526 773
48
48 773
48 622
48 693
48 274
48 274 773
48
48 273 354 399 517 690
48 773
48 274 773
48
48 273
48 297
48 526
48 528 773
48 49
48 773
48 357 399 478 547 659 690 870
48 418 478 658
48 730
48 773
48 142 815
48 274 773
48 417 528
48 274 773
48 773
48 50 153 274 699 773
48 889
48 274 526 773
49 534 660 889
49 528
49 481
49
49 153 276
49 152
49 527 801
49 152
49 152 902
49 801
49 152
49 902
49 902
49 902
49 417
49 528
49 860
49 152
49 885
49 152
49 152
49 773
49 152
49 274 276 773
49 152 773
49 773
49 152
49 152 273 274 276 368
50 312 494 696
50
50 758
50
50 258
50 154 257 259
50 478
50 248
50 154 257 259
50 288 376 547
50
50 258
50 271
50 259
50 257 258 598 694
50 52
50 417 476 528 902
50 259
50 272 416 525 859
50 529
50 52
50 203
50 773
50 758
50 151 527 528 698 841
50 258
50 150
50 800
50 531
50 257
50 524
50 530
51 52
51 136 530
51 657
51
51 885
51 136 278 813
51 419
51 219 256 277 361 369 877
51 52
51 52 885
51 256 278 526
51 885
51 885
51 52 885
51
51 52 885
51 136
51 369
51 657
51 52
51 52 885
51 853
51 136
52 530
52 885
52 278 476 885
52 695
52 370 604
52 136 258 531 813
52 530
52 885
52 136 530 604
52 693
52 272
52 278 885
52
53 55
53 55
53 55
53 742
53 281 742
53 281
53 137 155 156 280 740 741 790
53 156 872
53 962
53 790
53
53 742
53 282 790
53 137 740
53 55
53 701
53 742
53 57
53 57 608
53 57 790
53 282 608
54 540 872
54 540
54 56 606 696
54 280 281 538 540
54 872
54 538
54
54 742
54 156 716
54 872
54 281
54 872
54 281 538
54 540 872
54 141 281 538 742
54 538 540 742
54 538 872
54 540
54 872
55 280 281
55 538
55 156 280 281 538 983
55 742
55 872
55 421
55 141
55 741
55 280 741
55 858
55 872
55 280
56 772
56
56 159
56 59 422
56 159
56 59
56 696
56 59 159 901
56 59
56 59
56 59
56 159
56 606 696
56 696
56 59
56
56 701
56 59
56 696
56 59
56 59 282 901
56 59 159
57 541
57 790
57 157 790
57 400 790
57 608
57 608
57 375
57 608
57 539 716
57 403
57 282
57 282 541
57 158
57 282
57 608
57 158
57 264 304 608 620 876
57 282 790
58 545
58 812
58 65
58 882
58 292 363 484 521 562 824
58 668
58 545 667 882
58 663 702
58 489 697 821
58 65
58 882
58 668 836
58 882
58 820
58 65 774
58
58 82 159 695 708 745
58 545
58 63
58 379
58 882
58 302 385 422 745 763
58 545
58 63
59 607
59 137 742
59 159
59 159 696
59 901
59 701
59 842
59 842
59 269 886
59 901
60 352
60 842
60 842
60 607 608
60 842
60 756
60 304 438 539 620 709
60 416
60 607
60 608
60 842
61 374 833
61 833
61 374 546
61 63
61 833
61 666
61 668
61 162 373
61 546
61 546 833
61 63
61 374 546
61 62
61 63 667
61 833
61 162 260 374 663 703 774
61 62 882
61 62 63 64
61 781
61 62 63 882
61 832
61 781
61 761 833
61 833
61 64
62 546
62
62
62 795
62 63
62 314 442 667
62 546
62 549
62 63
62 483 504 546 667
62 63
62 80 487 609 620 664 667
62 546
62 486
62 546
62 285 373 566 666 709
62 81 299 487 554 708 782
62
62 384
62 704
62 666
62 546
62 781
62 675
62 882
62 63
62 546
63 882
63 374 546 882
63 667
63 667
63 812 832
63 624
63
63 69 543 553 875
63
63 378
63 68 378 553 669
63
63 614
63 821
63 546
63 254 378 388 624 766
64 73 836
64 613 782
64 162 373 609
64 65
64 162 483 744
64 425 836
64 426
64
64
64 832
64 836
64 426
64 65 426 612 836
64 702
64 611 612 782
64 483
64 812 832
64
64 836
64 426 668 836
64 65 423 424
64 65
64 553
64
64 425 836
64 668 836
64 373 744
64 426
64 425 426
64 163 287 566
64
64
64 668
64 374
64 668
64 969
64 65
64
64 65
65 101 331 828
65 720
65 198 828
65 424
65 828
65 69 875
65
65 836
65 426
65 668
65
65 160
65 424
65 836
65 828
65 260 373 619 940
65 426 828
65 424 668
65 163 260 619 664 820
65 160 940
65 613 668
65 720 828
65 668
65 603
65 828
65
65 431
65 160
66 295
66 67
66 549 797
66 293 427 547
66 873
66 484
66 288 293 376 427 547
66 427
66 293
66 294 377 549
66 427
66 377 775
66 704
66
66 427 873
66 549
66 549 873
66 250 549 775
66 164 704
67 292
67 704
67 288 704
67 763
67
67 547 704
67 430
67
67 298 487 619 708 849
67 430
67 72 160 290 292 377 664 703
67 141
67 704
67 704
67 429 430 704
67 704
67 704
67 430 704
68 844
68 378
68 378 783
68 73 551 616 669 707
68 378 705
68 762
68
68 378
68 489 551
68 806
68
68 705
68 378 783
68 705
68 378 551
68 82 83 672 919
68 911
68 785
68 489 551
69 669
69 170
69
69 289
69 78 543 553 875
69
69 814 825
69 875
69
69 875
69 74 875
69 543
69 170 617
69 875
69 814 849
69 875
69 775
69 376
69 79 553
69 168 169 616 705 706 762
69 73 670 825
69
69 669 849
69 543 875
69 875
69 76 875
69 168
69 76 670
70 616
70 705 783
70 616 661
70 844
70 432 615
70 71 167 615 894
70 423
70 169 661 707
70 814
70 432
70 432
70 167 615
70 172 806
70 894
70
70 251 300 301 487 554 708 763
70 71 73 706 844
70 432 552 615
70 615 849
70 661
70 894
70 73 487
70 293 894
70 297 615 825
70 894
70 167 251
71 288 825
71 931
71 76 849
71 706
71 669 670
71 615
71 669 670
71 706
71 167 552 615 706
71 72
71 615
71 931
71 168 669 814
71
71 72 844
71 616
71 615 706
71 296
71 669 670
71 706
71 490
71 706
71 79 553 890
71 706
71
71
71 931
72
72 295
72 165 295
72 83
72 165 250 295 550 843
72 844
72 376 430
72
72 295
72 427
72 873 925
72
72 432 844
72 844
72 295
72 167
72 167 552
72 615
72
72 295
72 763
72 620
72 615
72 873
72 706
73 297 487
73 296
73 616
73
73 670
73 890
73 670
73
73 76 670 875
73 74 78 553 670
73
73 670
73 486
73 707
73 251 304
73 297
73 76 670
73 487
73 487
73 707
73 890
73 296
73 890
73 890
73 616
73 487
73 487 616
73 875 890
73
73 890
73 875
74 79
74 77 553
74 76
74 76 78 79
74 76
74
74 75 875
74 77 845
74 670
74 670
74 75
74 553
74 75 553 845
74 79 551 669 670
74 875
74 75
74 77 78 845
74 75
74 75 76 78 169 553 615 825
74 79 670
74 670
74 797
74 670
74 77 553
74 76
74 670
75 845
75 845
75 845
75 670
75 300 434
75 825 845
75 83
75 873
75 76 825 845
75 845
75 425 612
76 169 297 553 616 890
76 875
76 553
76 553
76 352
76 875
76 825 875
76 670 849 890
76 825
76 763
76 670
76 845
76 105 183 399 675 692 706 850
76 845
76 845
76 890
76
76 553 849
76 814
77 78
77 104
77 78
77 553
77 845
77 553
77 471 473 516
77 849
77 79 167 543 553 875
77 845
77 849
77 78
77 845
77 78
77 845
77 104 106 385
77 845
77 845
78 304 305 557 708
78 303
78 170
78 745
78 303
78
78 797
78 302 745
78 845
78 825
78
78 166
78 557
78 567
78
78 170 302
78
78 289
78 302 557
78 707
78 166
79 890
79 710
79
79 553
79 669 814 825
79 670
79 845
79 814
79 620 763
79 706
79 890
79 706
79 552 707
79 849
79
80 876
80 617 876
80 876
80 170 617
80 708
80 567 876
80 433 672
80 170 617
80 809
80 619 708
80 617
80 617 671
80 84
80 170
80 617
80 617
80
80 201
80 297
80 84
80 876
80 617
80 251 300 434 487 618
80 170 567
80 83 84 618 708
80
80 763
80 434 583 620 708
80 170 300 617
80 876
81 485 797
81 82 745
81
81 82 745
81 170 251 302 952
81 83 672
81 83
81 83 557 782
81 672
81 782
81 83 919
81 166 295 369 550
81 83
81 82 83 567 672 919
81 567
81 82 919
81 672
81 745
82 745
82 782
82 251 302
82
82 745
82 745
82 782
82 83
82 557
82 782
82 557
82 486
82
82 567
82 83
82 567
82 745
82 919
82 567
82 919
82 619
82 567
82 672 708 745
82 567
83
83 919
83 843
83 745
83 706
83
83 919
83 672
83 672
83 302
83 784
83 214 215 808
83 303 304 557 567 672
83 253
83 562
83 557 567
83 750
83 745
83 338 583 712
83 567
83 184
83 919
84 708
84 303 619
84 784
84 809
84 809
84 809
84 303 423
84 708
84 433 708 809
84 809
84 433 809
84 809
84 304 619 970
84 619
84 809
84 423 619 745
84 433
84 619
84 619 620
84
84 433
84 619
84
84 726
84 809
85 138 519
85 407
85 565
85 792
85 175 325 408 877
85 86
85 86
85 496
85 86
85 316
85 86 565
85 91 94
85 187 383 444 496 565 566
85 565
85 979
85 316
85
85 310 317 496 714
85 86
85 792
85 407
86 565
86 316
86 345 683
86 752
86 752
86 185
86 979
86 345
86 94 565
86 345 511 587
86 443 565 566
86 121 634
86
86
86 122 510
86
86 778
86 752
86 753
86
86 752
86 347 550
86 224 390
86 87 88 566
86 565
86 224 753
87 88 497 850
87
87 333
87 88 497
87 850
87 88 444
87 497
87
87 566
87 807
87 444 625
87
87 497
87 93 316 715
87 88 566
87 184 282 566 567
87 497
87 497 850
87 195
87 850
87
87 850
87 850
87 850
87 88 495 850
87 93
87 497
87 495 566
87 88 495 850
87 89 316
88 310 382
88 449
88 795
88
88 497 850
88 850
88
88 155
88 850
88 814
88 97 499
88 936
89 183 675
89 90 183
89 90 384 877
89 715
89 715
89 184 567
89 90
89 90
89
89 715
89 675
89 715
89 715
89 90
89 715
89 90 715
89 90
89 715
89 715
89 384
89 384
90 449
90 807
90 186 445
90 187
90 94 497
90 877
90 185
90 877
90 712 783
90 187 567 877
90 183
90
90 408 520 568 575
90 807
90 183
91 186
91 842
91 184
91
91 807
91 184
91 184 625 715
91 445
91 384
91 94
91
91
91 384
91 184
91 94
91 384
91 187
91 316 495
91 184 675
91 94
91 384
91 264 818
91 499 677
91 384
91 807
91 903
91 317 384
91 384
91 186
92 184 675 807
92 807
92
92 184 807
92 103
92 93 384
92 807
92 384 675
92 185
92 807
92 101 327 679 786
92 807
92 184
92 184 807
92 807
92 384 715
92
92 689
92 807
92 807
92 320 321
92 807
92 187
92 807
92
93 445 495 498
93 511
93 204
93
93 132
93 444
93 101 204 828
93 101 331
93
93 204
93 204 511
93 204
93 256 258 277 524 678 690 694 861
93 511
93 204 828
93 937
93 937
93 245
94 903
94 186
94 186 497
94
94 565
94 186 497
94 565
94 185 408 520 568 776
94 315 574 903
95 96 915
95 717
95 189
95 717
95
95 96 196
95 96
95 96
95 717
95 818
95 499
95 717
95 96
95 196
95 495
95
95 98
95 96 98 671 718 854
95 717
95 237 255 349 425 743
95 818
95 717 843
95 818
95 98
95 818
96 97 818
96 196 717
96 818
96 106 553 849 911
96 818
96 717
96 185 252 361 403 793
96 447
96 717
96 718
96 915
96
96 196
96 915
96
96 717
97 936
97 195
97 98 717
97 195 196 627 818
97 671
97 499
97
97 717 818
97 499
97 717
97 574 818
97 627 717
97 717
97 834
97 194 447
97
97 447
97 499
97 499 854
98 188 192
98 447
98 319 447 834
98 628 718 766
98 798
98
98 568
98 818
98 323 626 765
98
98 854
98 834
98 449 500 574
98 185 834
98 854
98 867
98 834
98 854
98 325 499
98 834
98 449 854
98 717
98 320 499 671
98 568
98 185
98 499
98
98
98
98 568 855
98 185 447 834
98 834
98 447
98 264 719
99 200 330 453 498
99 502
99 679
99 385
99 105
99 679
99 105
99 450 842
99
99 866
99 100
99 101 387 388
99 817
99 100 502
99
99 328
99 502
99 328
99 451
99 328 679
99 327 448 679
99 502
99 105 502
99 679
99 103 502
99
99 105
99 199 330
100 451
100 327 328 679
100 451
100 106 755
100 755
100 502
100 105
100 502
100 502
100 102
100
100 932
100 502
100 755
100 327 502
100 103 755
100 932
100 105 453
100 502
100 502
100 327
100 204
100 105
100 451
101 202 909
101 828
101 331 332 503 828
101 204
101 199 451 828
101 828
101 204
101 331
101 751
101 350
101 103 909
101 909
101 503
101 828
101 198
101 786
101 232 762 866
102 201
102
102 201
102 204 786
102 678
102 200 203 385 498
102 330
102 204 786
102 201
102
102 453
102 198 204
102 856
102 330
102 201
102 103 203 204 909
102 856
102 678
102 856
102 856
102 330 454 810 909
103 755
103 104 232 332 454 502
103 105 232 451 498 652 794
103
103 755
103 909
103 262 263 519
103 292 502 609 666
103 263
103 684
103 330 720 826
103 435 710
103 825
103 349 387 689 721
103 909
103
103 327
103 666
103 297
103
103
103 297 707
103 330 810
103 498
103 297
103 330 502
103 689
103 296 297 707 825
103
103 494 564
103 827
103 451 612 613 755
103 297
103
104 746
104 845
104
104 845
104 845
104 845
104
104 576 845
104
104 464
104 845
104 845
104 199 202 232 452 503 678
104
104 845
104 105 746
104 540
104 845
104 845
105 502
105 840
105 692 840
105 327 329 330 353 453 454 502 678 827
105 502
105 829
105 385
105 106
105 840
105 692
105 215
105 840
105 515
105
105
105
105 452
106
106 243
106 829
106 911
106 827
106 333
106 829
106 829
106 498
106 385
106 829
106 451 502
106 498 829
106 829
106 498 829
106
106 576
106 333 829
106 385
106 829
106 385
106 829
106 385 576 829
106
106 829
106 576
106 173 473 516
106 385 829
106 131
107 213
107 109 578 629
107 109
107 578
107 226
107 109 578
107 455 830
107 511
107 109
107
107 108 455 578
107 109 578 629
107 109
107
107 109
107 109 388 456 680
107 123 335 581 721
107 205 578
107 578
107 109 455
108 254
108 388
108 504
108 388
108 830
108 629 976
108 109 388 819
108 819
108 629
108 109 629
108 109 388
108 629
108 109 629 819
108 388
108 819
108 819
108 819
108
108 388 455 456 460
108 507
109 504
109 205
109 213
109 578
109 213
109 629
109 455
109 335 456 577
109 335
109 577
110 624
110 624
110 830
110 624
110 254 335 387
110 636
110
110 624
110 624
110 830
110 624
110 215 753
110 830
110 830
110 829
110 335 624
110 624
110 624
110 113 209 337 632 868
110 624
110 830
110 624
111 209 459 630 747 796
111 749
111 206
111 749
111 206 208 883
111 112 681
111 118 817
111
111 112
111 289
111 883
111 344 511
111 681 749
111 337 630
111 748
111 630
111 206 883
111 163 209 210 630 631 861
111 464
111 768
111 630
111 389
111
111 768
111
111 206
112 117 209 334 681
112 457 748
112 113
112 749
112 211
112 749
112 214
112 681
112 681
112 750
112 787 868
112 215 750 808
112 787
112 113 114
112 748
112 681
112 214 215 808
112
112 347 851
112 116 846
112 507
112 209 507 681
112 868
112 631
112 113
112 337 714
112 681 749
112 113 206
112
112 215 750
112 507 576
112 215 578
112 328
112 387 624
112 214
112 808
112 214
112 215 808
112
112 389
112 916
112 114 117 391 507 631 868
112 117 681
112 214
113 114
113
113 680
113 916
113 788
113 114
113 507
113 211 630 681
113
113 211
113 211
113
113 747
113 115 117 389
113 748
113
113 115
113 337
113 437 847
113 787
113 868
113 507
113 916
113 211
113 211
113 847
113 389 632 895
113 388
113 205
113
114 916
114 916
114 115 211
114 507
114 116
114 777
114 115
114 796
114 507
114 489
114 868
114 631
114
114 868
114 116
114 777 788
114 868
114 796
114 115
114 916
114 116 796
114 116 631 796
114 631 796
114 337 796
114 115 631
114 206 267 337 459 851
115 883
115 211
115 389
115
115 120 822
115 211
115 895
115 743
115 389
115 336 895
115 336 895
115 631 796
115 210 883
115 895
115 389
115 631
116 208 336 632 883
116 796
116 817
116 583 584 724 778
116
116 846
116 846
116
116 817
116 817
116 817
116 206 883
116 631
116 846
116 747
116
116 507 787
116 817
116 749
116 506
116
116 230 463
116 506 846
116 817
116 629
116 817
116 817
116 817 846
116 631
116 796
116 796
116 796
116 458 747
117
117
117 211 212 337 631 714 868
117 868
117
117 579
117 868
117 714
117
117 119
117 579
117 846
117 389 868
117 209 353 584 868
117 119 868
117 391
117 389
117 777
117 868
117 631
117 787
117 337
117 630
117 459
117 119 389 868
117 387 868
117 579 714
117 868
118 208 212 225 334 389 632 822
118
118 822
118 579 822
118 822
118 212 822
118 458 505 630 796
118 334
118 120 212
118 747
118 119 120
118 822
118 579
118 212 579
118 579
118 334
118 349 398 447 460 473 588 719
118 579 822
118 579
118 212 822
118 119 120 212 822
118 747
118 212
118 796
118 822
119 846
119 868
119
119 868
119 822
119 389 846
119 777
119 644 646 687
119 120 846
119 868
119 868
119 392
119 868
119 846
119
119 389 714
119 216 338
120 389
120 212
120 212
120 822
120 822
120 714 846
120 212
120 334
120 212 822
120 787 796
120 389
120 822
120 846
120 212
120 388
120
120 822
120 506
120 212
121 752
121 724
121 724 753
121 724
121 988
121 724 753
121 462
121 724
121
121 724 753
121 988
121 509
121 228
121 205
121 226
121 462
121 343
121
121 988
121 752
121 462 697
121 751 778
121 795
121
121 723 751 753
121 462
121 697
121 638 751
121 577
121 767 779
121 724
121 226 390 650 724 753 835
121 778
121 222 508
121
122 684
122 638 912
122 816
122
122 634
122 634
122 224 390
122 816
122 222 635 637 638
122 221 509 635 638
122 580
122 203 642
122 343
122 343
122 640
122 640 816
122 224 509 638
122 221 339 835
122 816
122 816
122 726
122 341 725 897
122 852
122 637
122 580
122 637
122 723
122 580 816
122
122 816
122 638
122 510
122 638
122 580 816
122 339 509 754 869
122 803
122 634
123 636
123 726
123 231
123 124
123 124 585 912
123 124
123 124
123 585
123 147 263 309 363 430 586 721 798
123 721
123 124
123 585 912
123 124 462 726
123 225 587 768
123 636
123 865
123 124 585
123 124 726
123 721
123 687
123 687
123 124
123 124 585
123 726
123
123 310 865
123 124
123 391 687
124 125
124 585
124 126
124 750
124 585
124 221 509
124 865
124 125
124 726
124 126
124 726
124 462 726
124 255 589 685 726
124 585
124 726
124 726
124 726
124 726
125 909
125 726
125 726
125
125 126
125 726
125 726
125 751
125 126 726
125 697
126
126 282 474 790
126 141 410 790 858
126 410
126 726
126
126 648
126
126 223 835
126 141
126 843
126 141 143 170 251 618 763
126 474
126 268 411 441 576 649 764 794
126 684 831
126 143 282 410 858
126 843
126 723 754
126 140
126 141
126 843
126 140 411 412 858
127 878
127 128
127 351 685 878
127 589
127
127 238 239
127 685
127 728
127 129
127
127
127 236 239 349 900
127 878
127 878
127 235 255 590 593 878
127 178
127 239 685
127 240
127 128
127 589
127 235 236 239 588 684
127 128 129
127 128 351 878
127 239 684
127
127 128
127 128
127 239 686 811
127 466 878
127 240
127 255 589 743
127 128 129 811 878
127 575
127 240 351 466 811
127 128 685
127 351
127 240
127 178
128 878
128 526 530
128 129
128 685
128 240 878
128 878
128 129
128 351
128 129
128 129 811
128 240
128 129
128 129
129 394
129 641
129 239
129 646 857
129 641
129 804
129 878
129 804
129 879
129 351 811
129 467 513 687
129 240
129 240 351 811
129
129
129 130 394 647
129 467
129 641
129 239 811
129 811
129
129 351 811
129 641
129 811
129 589
129 643
130 245 518
130 596
130 241
130 218
130 468 513 879
130 241
130 241 395 513 900
130 464 647
130 900
130 594
130 241 594
130 512
130 241 594
130 513 900
130 395 467
130 394 513 644 769
130 353 468 513 799
130 241 900
130
130 804
130 857
130
130 241 647
130 848
130 648
130 255
130 394 594 647
130 684
131 244
131 514 654
131 173 654
131 173
131
131 247
131 244
131 834
131 243
131
131 243 399 599
131 243
131 244 654
131 173 243 244 597 654
131 771
131 353 354 357 397 398 599
131 397
131
131 244
132 880
132 518
132 518
132 135 245 246 247 360
132
132 135
132 517 599
132 135 473
132 880
132 868
132 518
132
132 880
132 596
132 246 840
132 771
132 757
132 770
132 596
132 135
132 135
132 135 399
132 245
132 706
132 360
132 770
132 518 840 868
132 135
132 358 361 757 840
132 135
132 246 247 358 360 399 599
132 359
132 518
132
132 246 399
132 135 358
132 409
132 518
133 135 244 399 597
133 881
133 757
133
133 409
133 134
133 360 597
133 134 135 246 247 359 361
133
133 135 247 409 597 799
133 881
133 355 731 799
133 599
133 135 881
133 597
133 881
133
133 881
133 397 405 517 915
133 881
133 597
133 599
133 597
133 881
133 602
133 134
134 881
134 361
134 361
134 361
134 361
134 840
134 247
134 247
134 135 361
134 396 517
134 361
134 596
134 690 691
134 353
134 597
135 399 599
135 246 599
135 359 840
135 409 799
135 409
135 361
135 246 247
135 247 361
135 597
135 361
135 245 360 881
135 706
135 360
135 247 360
135 597
135 360 361
135 361
135 757
136 279 813
136 813
136 278
136 479
136
136 479
136 531 813
136 479 530
136 479
136 531
136 760
136 479 530
136 604 805 813
136 277
136 760
136 813
136 277 531 604 813
136 479
136 479
136 813
136 760
136 277 693 885
136
136 530
136 700 813
137 372 540
137 155 156
137 742
137 790
137 716 741
137 742
137 790
137 156 281 742
137 742
137 742
137 421
137 742
137 790
137 741
137 741
137 790
138 178 179
138 401 402
138 673
138 401 402
138 402
138 401
138 401 402
138 178 673
138
138 402 622 837
138
138 162 263 310 611 613 666
138 673
138 673
138 404 519
138 261
138 401 622 987
138 402
138 381
138 673
138 313
138 261 405 519
138 673
138 402 438
138 622
138 402
138
138 402
138 673
138 401 402 673
138 139 178 401 904
139 404 405 814
139 744
139 404
139 155
139 837
139 744
139 404
139 744
139 155
139
139 404
139 744
139 674 744
139 404
139 155
139 744
139 380 441 744
139 405
139 404
139 180 181 404
139 326 494 500 563 573 626 766
139 404
139
139 744
139 405 823
139 744
140 412 858
140
140 272 412 824
140 410 858
140 154
140 412
140
140 412 815
140
141 159 529 772
141
141 280 538 742
141 858
141 600
141 268 858
141 789
141 145 363
141 362
141 144 146 267 362 870
141 858
141 410 858
141 149
141 738
141 371
141 538
141 858
141 362 764
141 371 541 662
141 742
141 362 410 650
141
141 149
142 411 412
142 734
142 522
142 410
142 815
142 412
142 734
142 734
142 282 410 474 734
142 282 734
142 307 308 309
142 412
142 734
142 412 734
143 628
143 475
143 628
143 522
143
143 477 628 659
143 266 824
143 477 659
143 628
143 522
143 522 685
143 628
143 188
143 481 534 537 861
143 522
143 628
143 628
144 870
144 146
144 146 364
144 146
144 362
144 146 870
144 362 858
144 362
144 145
144
144 870
144 146 772
144 363
144 764
144 145
144 267 735
145 735 870
145
145 365
145 268 362
145 365
145 148 365
145 365
145 365
145 735
145 601
145 365
145 366
145 870
145 148
145 362 363
145 601
145 601
145 146 870
145 146 600 735
145 267 601
146 772
146 858
146 772 858
146 481
146 362 870
146 870
146 364
146 870
146 789
146 858
146 772
147 363 368 764
147 368
147 871
147 363
147 961
147
147 363
147 368
147 368
148 870
148 365 601
148 365
148 365 601
148 366
148 365
148 366
148 364 366 601 737
148
148 366
148 365
148 365
148 601
148 366 737
148 366
148 365
148 364
148 601 772
148 365
148 870
148 364
148 365
148 715
149 367 414 738
149 695
149 893
149 475 789
149 419 481 534 535 537 694
149 367 414 738
149
149 481
149 789
149 789
149 414
149 475
149
149 738
149 738
149 789
149 414
150 536
150 859
150 151
150 758
150 271 415 477 602
150 477
150 151
150 656
150 772
150 528 758
150 758
150 801
150 272
150 758
150
150 271 801
150 271 758
150 758
150 271 758
150 270 525 772 841
150 772
151
151 841
151 272 602 772
151 772
151 533
151 537
151 841
151 655 805 870
151 758
151 841
151
151 524
151 660
151
151 524
151 695
151
151 420 537 800
151 841
151 758 859
151 758 841
151 758
151 535
152
152 841
152 533
152 860
152 275
152 273
152 275
152 153 885
152 275
152 153 275
152 275
152 477 659 885
152 275
152 276 528
152 885
152 153 275
152 264 408 532 572 854
152 153 276
152 276
152 902
152 276
153 955
153 666
153 276
153 527 699
153 275
153 260 528 529 699 820
153 248 275 276 417
153 273
153 672
153 955
153 276
153 659
153 273
153 275
153 276
153 275 276 696
154 258
154 248 598 694
154 893
154
154 420
154 537
154 694
154
154 259 694
154 800
154 248
154 537
154 805
154 598 693 800
154 598
154 257 258 259 693 694
154 414 529
154 598 694
154 893
154 420 861
154 476
154 420 524 537
154 598
155 156
155 945
155 446 716
155 494
155 162 164 260 483
155 404
155 249
155 790
155 325 404
155 740
155 379
156 742
156 742
156 906
156 742
156 606
156 872
157 282 790
157 540 886
157 540
157 946
158 790
158 790
158 282 661 790
158
158 790
158
158 790
158 790
158 541
158 790
158 661
158 790
159 736
159 736 858
159 267 268 601
159 281 539
159 736
159 521 858
159
159 858
159 772
160 940
160 940
160 260 373 703
160 610
160 260
160
160 743
160 282
160 730
160 195 266 320 572 667 854
160 260
160 161
160 164 260
160
160 940
160 164 260
160 161
160
160 413
161 544
161 253
161 544
161 253
161 544
161 664
161 743
161 374 663
161 610
161 253
161 253 285
161 253
161
161 544 743
161 774 833
161 743
162 287
162 966
162
162 287
162 665
162 287
162 285
162 820
162 163 287
162 665
162 287
162 966
162
162 423 702
162 820
162 791
162
162 163 665 820
162 966
162 287
162 287 791 820
163 286 665
163 861
163 287 791 820
163 286 545 820
163 791 820
163 483
163 373 544 611
163 483 545
163
163 861
163 286
163 820
163 812
163 260
163 665
164 430
164
164
164 484
164 873
164 260 373
164 289 862
164 484
164 704
164 260
164 484
164 298 708 899
164 376 547 721
164 484
164 721
164 484
164 547 824
164 873
164 423 782
164 873
164 873
164 557
165 166
165 427
165 166 550 957
165 550
165 290 293 294
165 166
165 293
165 295
165 166
165 295
165 166 957
165 797
165 295
165 550
165 295 797
165 166
165 825
165 431
165 550
166 425 709
166 377
166 295 550
166 957
166 550
166 294 871
166 170 298
166 297 552 814
166 550
167 169 849
167 552
167 844
167 432
167 844
167
167 486
167 615
167 615
167 706
167 552
167
167 844
167 432 615 894
167
167 552
167 301
167 168
167 552 844
167
167 552
167 168
167 552
167 432 486 552 844
167 168
168 807
168 707
168 807
168
168 169 296 552 616
168 486
168 925
168 807
168 844
168 296 707
168 871
168 925
168 334 489 762
168 707 807
169 825
169 707
169 849
169 707 825
169 297
169 297 825
169 707
169 297 707
169 616
169 552
169 552
169 552 849
169 825
169 552 707
169 849
169 849
169 661
169 707
169 849
170 567
170 617
170 487
170 617
170 433 876
170 433 876
170 567
170 302
170 876
170 567
170 341 723 754
170 620
170 876
170 567
170 433 782
170 876
170 745
170 485
170 617
171 887
171 821
171
171 710
171 379 544 974
171 260
171 710 887
171 379 821
171 887
171
171 436
171
171 172
171 370 375
171 500
171 237 512 825
171 887
171 482
171 490 558 821
171 543
171 710
171 710
171 172 436 821
171 710
171 821
172 558
172 785
172 785
172 785
172 558
172 558 710 785
172 231 639
172 436
172
172 558
172 436
172 558 710
172 436
172 887
173 177
173 877
173 877
173 355 659 690
173 174
173 243 358 654
173 793 877
173 877
173 174
173 514 654
173 793 877
173 793
173 243
173 175 361 560
173 877
173 559 793
173 793
173 824
173
173 793
173 877
173
173 174 175 864
173 516
173 793
173 877
173 175
173 559
173 559 877
173 877
174 563
174 177
174 177
174
174 559
174 380 440 711
174 624
174 793 864
174 864 877
174 176 177
174 864
174 177
174 177 864
174 877
174 864
174 176 177
174 712 877
174 175 176 177 559
174 177 559
175 877
175 437 621
175 793
175 559
175 177
175 560
175 177
175 402 440
175 562 853
175 263 405 438 942
175 877
175 176
175
175 559
176 249
176 877
176 384
176 559 877
176
176 275 437 560 793 863
176 877
176 621
176 249
176 177
176 877
176 437 793
176
176 177
176 805
176
176 559
176
176 559
176 560
176 746
176 560
176 437 560
176 177
176 177
177 186 187 314 384 494
177
177 864
177 864
177 854
177 560
177 864
177
177 560
177 560
177 798
178 438 673
178 261
178 744
178 826
178 837
178 180 181
178 621
178 622
178 338 584 801
178 361
178 622
178 744
178 904
178 406 826
178
178 622
178 837
178 904
178 622
178 438 622 837
178 622
178 904
178 361
178 837
179 404
179 406 814
179
179 764
179 405 406 837
179 441
179 347
179 406 814
179 441 764
179 441 744
179 441
179 314
179 971
179 744
179 406 441 744 764 837
179 562 712 824
179
179 493
179 380 764
179 399
179 405 864
180 711
180 730
180
180 181 904
180 181 744
180 309 405 744 837
180 904
180
180 405 491
180 181 261 404 438 439 440
180 595
180 380
180 546
180 814
180 826
180 904
180
180 562 621
180
180 181 904
180 904
180 904
180 744
180
180 380 904
181 904
181 564 904
181 564
181 442 563 766
181 564
181 623 624
181 564
181 904
181 904
181 405
181 904
181 564
181 564
181 564
181 564 713
181 494 564
181 261 404 491 903
181 564 904
181 564
181 261 307
182 712
182 783
182 712
182 783
182 237
182
182
182 783
182 783
182 712
182 783
182 712
182 437 574
182 712
182 783
182 712
182 712
182 783
182 712 783
182 561
182 783
183 675
183 903
183 903
183 675 903
183 408 628
183 675
183 675
183 384
183 903
183 384 715
183 903
183 675
183 675
183
183 675 903
183 675
183 675
183 675
183 675
184
184 807
184 567
184
184 185 807
184 758
184 807
185
185 190
185 823
185 326 418 520 628 860
185 834
185 800
185 190
185 500
185 191 570
185 446 568
185 190 192 571
185 866
185 256
185 325 500 776
185 807
185 834
185 834
185 447
185 188 448
185 570
185
185 190
185 807
185 325 501 626 854
185 807
186 445 498
186 445
186 497
186 445
186 445
186 498
186 498
186 187 497 786
186 445
186 498
186 498
186 445
186 498
187 445
187 445
187 497
187 445
187 497
187
187 318
187 445
187 445
187 786
187 445
187 786
187 497
187 497
187 786
187 566
188 252
188 446 855
188 403
188 407
188 446 448 866
188 866
188 571
188 445
188 193 570
188 253
188 498
188 866
188 192 319 446 855
188 252 481 700 716
188 254 318 570 577 649 680 689 780 884
188 214
188 189 192 318 403 447
188 448 866
188 866
188 192
188 189 193 376 403 447 716 855
188 192
188 568
188
188 650
188 403
189
189 194 447
189 570
189
189 191
189 318 447 570
189 568
189
189 190
189 191
189 569 570
189 190 854
189 190
189 843
189 573 765
189 569
189 447
189 191
189 190 318 319 569
189 318 676 867
189 318 319
189 865
189 318 866
189
189 447
189
189 569
189 573
190 569
190 191
190 570
190 191
190 570
190 570
190 192
190 569
190 676
190 191
190 570
190 854
190 500 627 818
190 191
190 570
190 191
190 854
191 194 403 570 676
191 570
191 319
191 573 765
191 264 568 574 626
191 499 500 719
191
191 325 823
191 921
191 569
191 676
191 568
191
191 319 569
191 319 446 577 624
191 318
191
191 730
191 252 446 448 676
191 318
192 252 571
192 448 571
192 570
192 448 676
192 448
192 448 570
192 194
192 193
192
192 676
192 834
192 676
192 571
192
192 571
192 676
192
192 676
192 571
193 867
193 403
193 194 571
193 403 676
193 194
193 867
193 194 447 570
193
193 403
193 867
193 867
193 194 570 855
193 448
193 570 867
193 676
193 571
194 325 823
194 499 776
194 570
194 570
194 447
194 570
194 867
194 826
194 570
194 447
194
195 556
195
195 197
195 445
195 265 677
195 733
195 733
195 264
195 950
195
195 197 965
195 197 733
195 718 733
195
195
195 733
196 718
196 818
196 499
196 316 383
196 818
196 818
196 915
196 717
196 572 843
196 915
197 965
197 733
197 733
197 733
197 733
197 733
197 855
197 733
197 264 265 733
198 452 453
198 203
198 762 786
198 454 786
198 678
198 203
198 786
198 720
198
198 203 679
198 786
198 975
198 678
198 786
198 448 678
198 200 329 330 678 810 827
198 786
198 762 786
198 678 786
198 678
199 653
199 200 498
199 827
199 204 332 503 511
199 503
199 498
199 200 454
199 348 569
199 448 827
199 720
199 204 332 452 473 786
199 331 503 827
199 200
199 330
199 330 678
199 827
199 503
199 679
199
199 448
199 679
199 454
199 827
199
200 454
200 856
200 329 498 827
200 201
200 810
200 201 810
200 856
200 201 454
200 778
200 330 810
200 201 720
200 201
200 810
200
200 392 679
200 678 856
200 201
201 329 856
201
201 595
201 827
201 810
201 583
201 856
201 323 823 854
201 253
201 746
201 678
201 856
201 856
201 512 804
201 827
201 513
202 503
202 909
202
202 232
202 503
202 503
202 503
202 503
202 503
202 252 470 653
202 331 503
203 642 769
203 642 898
203 465 743
203 236 465
203 465 898
203 898
203 679
203 898
203 349 641 743
203 465
203 236 465
203 236
203 848
203 641
203 349 465
203 641 642 804
203 219 581
204 331
204 786
204 503
204 828
204 828
204 786
204 448 452 746
205 254 387
205 577
205 388
205 456 838
205 838
205
205
205 431
205 838
205 830
205 456 578 680
205 838
205 577 680
205 577
205 334 387
205 387 425 577 629 680 830
206 209
206 883
206 459
206 883
206 209
206 632
206 209
206 851
206 883
206 209 851
206 207 208 209 851
206 681
206 851
206 851
206 336 817
206 632
206 883
206 208 883
206 208
206 209 851
206
206 208
206 209
206 209
207
207 457 458 506 777 788
207 209 851
207 458
207 851
207
207 226
207 851
207 943
207 851
207 851
207 209 851
207 210
207 851
208 630
208 883
208 883
208 226
208 209 851
208 210
208 459 632
208 632
208 209
208 883
208 225 345 687 721
208 632 851
208 226
208 226
208 883
208 632
208 883
208 851
208 883
208 210 851
208 226
208 632
209 210
209
209 336 851
209 212 459 722
209 851
209 787
209 210
210 457 458 506 630
210
210 722
210 788
210 788
210 722
210 722 943
210 788
210 851
210 851
210 788
210 788
210 632 883
210 788
210 883
211 822
211 722
211 393
211
211
211 579
211 212 822
211 334 579 822
211 334 579
211 212
211 822
211 822
211 212
212 822
212 334
212 822
212 822
212 822
212 336 459
212 822
212 822
213
213 388
213 456
213 642
213 349 898
213 642
213 305 328 504 577 679
213 388 577
214 850
214 750
214 808
214 750
214 808
214 342
214 750
214 808
214 215 808
214 750
214 750
214 808
214
214 808
214 750
214 808
214 215
214 750
214 215
215 611
215 753
215 217
215
215 884
215 611
215
215 808
215 217
215 808
215 250 550
215 217
215 216
215 392
215
215 578
215
215 217
215 938
215 325
216 884
216 884
216 219 884
216 217 839
216 217
216 219
216 884
216 884
216 584
216 217
216 338
216 584
216
216 217 819
217 884
217 819
217 819
217
217 819
217 884
217 884
217 884
217 460
217 884
217 819 839
217 460
217 819
217 582 583
217 884
217 884
217 884
217 884
217 584
217 819
218 839
218 220 839
218 839
218 220
218 220
218
218 839
218 219 220 584
218 905
218 219 220 905
218 219 220 839
218 220
218 220
218 504
218 220 905
218 839
218 905
218 507 632
219
219 583 839
219 220 905
219 338 581 583 723
219 584
219 581 582
219 839
219 338 839
219 581 584
219 688
219
219 581 584
219 584 839
219 584
219 220
219 581
219 584
219 220 584
219
219 220
220 584
220 839
220 584
220 905
220 470 652
220 905
221 508
221 778
221 226 637 753
221
221 508
221 725
221 222 778
221
221 222 751
221 508
221 508 778
221 778
221 778
221 751
221
221 753
221 753
221 778
221
221 778
221
221 343 462
221 508
221 778
221 222 508 778
221 508
221 778
222 508 778
222 226
222 508
222 508
222 751
222 751 752
222 508
222 751
222 751
222 778
222 339 687 778
222 778
222 778
222 778
222 508
222 751
222 508
222 724 753
222 508
222 751
222 508
223 341 633 637 883
223 474
223 638
223 332 509
223 959
223 509 638
223 835
223 227 835
223 226 325 340 509 897
223 227
223 587
223 229
223 754 778
223 227
223 339 341 638 772 852
223 340 391
223 227 835
223 224 339 852
223 347 640 684
223 346
223 227
223 227
223 339 852
223 835
223 509 633 637
223 636 638 835
223 509
223 509
223 679
223 835
223 339 509
223
223 580
223
224 390
224 229
224 509 869
224 339 461 509 724 816
224 816
224 634 816
224 633 852
224 633
224 852
224 869
224 852
224 753
224 633
224 869
225 314 704 826
225 462
225
225 682
225 462
225 685
225 754 852
225 343 345 462
225 462
225 852
225 228 462
225 462
225 343 697
225 697
225 685
225 697
225
225 462
225 737
225 658 721 764 789
225 948
225 231 285
225 736
225 461 634 752
226 637
226 883
226 507 777
226 240
226 635 637 779
226 847 883
226 635
226 637
226 751
226 637
226 883
226 637
226 637
226
226 635 977
226 767
226 636 637 638 835
227
227 835
227 835
227 835
227 509
227 679
227 755 835
227 835
227 835
227 835
227 744
227 744
227 835
227 509
227 835
228 768
228 344
228 229 768
228 463
228 917
228 768
228 511 682
228 462
228 768
228 344 768
228 917
228 768
228 768
228 639
228 639
228 229 344 587 682 917
228 768
228 344 768
228 229 917
228 344 511 682 865
228 462
228 344
228 229
228 768
228
228 229
228
228 768
228 344 511
228 768
228 229 344 464
228 229
228 344
228 464
229 344
229 917
229 768
229 511
229 917
229 768
229 587
229 917
229 325 341 580
229 724 753
229 344 682
229 344 587 682
229 344 768
230 586 917
230 683
230 231 343 683 803
230 231 232
230 803
230 683
230 803
230 231 232
230 803
230 232
230 803
230 803
230 591
230 231
231 232
231 232
231 343
231 580 683
231 917
231
231 683
231 803
231 343 464
231 779
231 917
231
231 232 697
231 697
231 232 697
231 917
231 462
231 493 511
231 767
232 683
232 697
232 779
232 697 803
232 586 779
232 331 645 652 762
232 683
232 973
232 343 779
232 803
232 803
232 590 591
233 898
233 898
233 591
233
233
233 467 729
233 395
233 238 642 643
233 393
233 898
233 393
233
233 350
233 393 644
233 467
233 395
233 393
233 393
233 898
233
233 463
233 395 467 513
233 513
234 255 348 848
234 827
234 255
234 239 240 795 878
234 636
234 255 949
234 348
234 591 686 743
234 238 470 512 652 743 795 922
234 795
234 348
234 949
234 949
234 348
234 235
234 235
234 848
234 255 348
234 235
234 348
234 848
235 848
235 255
235 348
235 795
235 255
235 255
235 795
235 795 855
235 348
235 348
235 848
235 949
235 348
235 795
235 348
235 795
235 348
235 255 348
235 236 795
235 795
236 743
236 350 588
236 350
236 349
236 350
236 350 465 743 756
236 350
236 349 743
236 743
236 642
236 848
236 743
236 641
236 465
236 349 350 743
236 350
236 350 898
236 588
236 239 349 588 589 898
236 743
237 504
237 642 727
237 238 512
237 238 898
237 730
237 769
237 642 727
237 394 569
237 769
237 727
237 769
237 239 255 349
237 238
237
237 407
237 255 394
237 569
237 504 769
237 727
237 238
237 238 569 643
237 394 769
237 898
237 512 727
237 642
237 512 898
237 340 847
237 238 394 569
237 642 769 898
237 642
237 341 821
237 407
237 394
237
237 727
238 727
238 643
238 395 467
238 569
238 643
238 898
238 569 727
238 504
238 569 643
238 569
238 727
238 769
238 643
238 727
238 512 643
238 643
238 569
239 590 857
239 729
239 591
239 240 258 534 590 686 878
239 591
239 684
239 589
239 857
239 249 282 427 588 728 797
239 878
239
239 591
239
239 746
239 466 591 811
239 857
239
239 857
239 685
239 857
239 878
239 857
239 466 590
239 367 696
239 481 878
240 592 593
240
240 589 686
240 685
240 728
240 685
240 728
240 685
240 808
240 878
240
240 728
240 878
240
240 466 591 593
240 878
241 594
241 242
241 468
241 900
241 468 469
241 900
241 648
241
241 900
241 645 879
241 594
241 394 594
241 648
241 857 900
241 394 594 647
241 594
241 469
241 900
241 647
241 242
242 647
242 648
242 394 594 949
242 756
242 347 742
242 588 594
242 648
242
242 648
242 588
242 900
242 647
242 349 756
242 648
242 394 647
243 472 692
243 877
243
243 472 692
243 397 771
243 771
243 398
243 246 472
243
243 356 471
243 397 517
243 357
243 692
243 472
243
243 398
243 471 771
243 244
243 771
243 356 771
243 516
244 399 597
244
244 654
244 654
244 473 514
244
244 691
244 398 691
244 654
244 352 892
244 353 399 691
244 357
244 691
244 473
245 246
245 518
245 880
245 596
245 353 397 514 771
245 360
245 360 518
245 518 880
245 246 518
245 246
245 518
245 360
245 880
245 880
245 357 596
246 840
246 840
246 880
246 596
246
246 518
246 517
246 360 596
246 518 799
246 596
246 840
246 596
246 596
246 518
246 750
246 596
246 596
246 392 472 731
246
246 360 757
246 360 399 880
247 517
247 732
247 840
247 757 840
247 409
247 360 361
247 840
247 691 732
247 770
247 732
247 398 409
248 526
248 584
248 256 660 889
248 699
248 693
248 660
248 257
248
248 695 861
248 480 535 660
248 693
248 257
248 537
248 605 695
248 598 694
248 889
248 272
248 889
248 889
248 416 528 698
248 605 660
248
248 697
248 694
248 532 535 889
248 275
248
248 533 889
248 417
249 400
249 371 372
249
249 400
249 283 662
249 281 334 373 860
249 400
249 540 541 716
249 947
249 400
249 431
249 283
249 283 400 662
249 283 400
249 696
249 400
249 283
249 400
249 275 540 560 661
249 400
249 662
249 400
250 775
250 377
250 290 295 376 809
250 611
250 797
250 556
250 797
250 295 377
250 797
250 377
250 775
250 312 442 549 556
250 894
250 281 775
250 894
250 489
250 295
250 369 377 549
251 302 763
251
251 302
251 617 876
251 763
251 745 763
251 305 422 782
251
251 304 618
251 617
251 763
251 302
251 302 434
251 665
251 671
251
251 302
252
252 676
252 842
252 318
252 446 716 855
252
252 324 628 766
252 319 569 570
252 676 855
252 448 571
252 570
252
252 446 447 448 855
252 448
252
252 572
252 448
252 569 676
252 446
252
252 571
252 571
253 292
253 664
253 373
253
253 453
253 376 478 529 721
253 373
253 743
253 609
253 260 610
253 610
253 260 619 703
253 609
253 292
253 260 610
253 373
253 334 743
253 610
253 746
253 710
253 610
253 259
253 453
253 453
253 746
253 746
253 373
253 929
253 746
253
254 624
254 830
254 388
254 335 455
254 387
254 455
254 387
254 455
254 335 830
254
254 387
254 908
254 387
254 387
254 386
254 386 455
255 348 857
255 848
255
255 469
255 857
255 644
255 949
255 795
255
256 277 370 530 531 800
256 846
256 693 889
256 693
256 889
256 259 505 506
256
256 277
256 657 861
256 889
256 889
256 277
256 420 700 739
256 257 258 693
256 389
256
256 478
256 277
256 693
257 259
257 800
257 479 800
257
257 598
257 598
257 859
257 258 259
257 277 693 800
257 277
257 258 694
257 889
257 800
257 800
257 369
257 800
257
257 694
257 369 479
257 277
258
258 694
258 259 598 694
258 813
258 800
258 584
258 369
258
258 800
258 531
258
259 270 416 698
259 800
259
259 800
259
259 530 604
259 598
259 800
259
259 800
259 693
259 800
259 800
259 598 800
259 800
260 284
260 285 373 609 703
260 482
260 820
260 609
260
260 284 373
260 664
260 285 619
260 285 543 664
260 664
260 284 664
261 313
261 263 864
261 673
261 380 438 711
261 622 837
261 826
261 381
261 314 315 381
261 491 563
261 903
261
261 263 441 622 837
261
261 381
261
261 314 381 826
261 402
261 442
262 519
262 309
262 519
262 519
262 492
262 405
262 942
262 519
262 673
262 263 519
262 440 519 711
262 309
262 263
262 519
262 519
262 439 440
262 308
262 519
262 519
262 673
262 309
262 307
262 519
262 308
262 519
262 519
262 942
262 519
262 519
263 309 519
263
263 625
263 519
263 798
263 308 798
263 711
263 982
263 380
263 311
263 309 711
263 406 440
263 407 569 590 591 686 743
263 711
263 439 622 711
263 440 711
264 265
264 265
264 950
264 265 733
264 950
264 950
264
264 265
264 950
264 818
264 733
265 408
265 628
265 520 676 823
265 407 520 676
265 326
265 520
265 823
265 520 575 823
265 733
265 823
265 323 628
265
265 326
265 823
265 408
265 676 823
265 733
265 408 520 573 575
265 766
265 407
265 733
265 408
265 407
266 824
266 522
266 368
266 824
266 411 824
266 824
266 412
266 368
266
266 824
266 824
266 824
266
266 522
266 824
266 824
267 362
267 600 735
267 523
267 870
267 758
267 362
267
267 362
267 870
267 870
267 735 870
267 735
267 364 735
267 735
267 364 735
267 362 600 735 870
267 870
267 362
267 364 735
267 362
267
267 362
267
268 871
268 871
268 269 414 475 738
268
268 363
268 871
268 871
268
268 871
269 738
269 413 475
269 738 871
269 413 738 804 871
269 738
269 365
269 738
269 603
269 738 871
269 738
269 860
269 804
269 475
269 475
269 528 649 650
269
270 698
270 859
270 367
270 364
270 656 698
270
270 698
270
270 416 698
270 698
270 735
270 656
270 859
270 698
270 698
270 416
270 367
270 698
270 272
270 698
270 416 698
270 367 416 603
270 416 427 485 525 874
270 367 698
270 859
271 658 801
271 801
271 658 801
271 525
271 602
271 801
271 418 603 657 967
271 658
271 602
271 479
271 525 859 914
271 759
271
271 841
271 272
271 477
271 602
271 525 801
271 272 801
271 801
271 801
271 801
271 699
271 478
271 758
271 658 801
271 602
271 658 801
272 480
272 525
272
272 480
272 859
272 480
272 660
272 772
272 656 772
272 473 515
272 859
272 805 859
272 859
272
272 480 534 841
273 528
273 699
273 902
273 417
273 417 527 860
273 417
273 417
273 526 628
273 885
273 417
273 885
273 885
273 417 902
273 902
273 417
273 417
273 885
273 417
273 527 699
274 526
274 526
274 368
274 276 368
274 412
274 368
274 699
274 773
274 476
274 476 773
274 276
274 773
274 368
275
275 653
275
275 437
275 651 730
275
275
275 651
275
275 488 672
275 780
275
275
276
276 902
276 480
276 902
276 417
276 605
276
276 902
276 656
276 417
276 902
276
277 693
277 755
277 694
277 531
277 474
277 693 800
277 800
277 604 694
277 531
277
277
277 369 693 800
277 693 800
277 602
277 532
277 738
277 693
277 479 800
277 531
278 885
278
278 370
278 476 760
278 813
278 279 476 479
278 526
278 885
278 604 885
278 476
278 530
278 760
278 531
279 476
279 760 805
279 476
279 760
279 760
279 604 760
279 760
279 760
279 760
279
279
279 476 604
279 760
279 604
279
279 902
279 476 604 760
279 531 604
279 760
279 760
279 476
279 760
279 760
280 421 716
280 742
280 742
280 742
280 538
280 742
280 742
280 742
280 661
280 538
280 742
280 742
280 742
280 281 538 742
280 742
281
281 538
281 606 696
281 421 742
281
281 372 701
281 742
281 538
281 696
281 872
281 538
281 983
281 742
281 742
281 421
282
282 790
282 790
282 734
282 790
282 474
282 734
282 410 790
282 541 602 697 870
282 410
282 474
283 371
283 541 662
283 886
283 542 662
283 886
283 542 701
283 371 886
283 542
283 606
283 701
283 400 662
283 542
283 371
283 400
283 372
283 371
283 400
283 371
283 540 542
283 372 886
283 542
284 703
284 664
284 664
284 664 833
284 703
284 801
284 801
284 482 664 833
284 664
284 482
284 543 664
284 379 435
284
284 285 609
284 609
284 373 609
284 543
284 285 482 609
284 833
284 482
284 285 373 801
284 482
284 373 703
284 664
285
285 743
285 373
285 801
285 609 801
285 609
285
285 801
285 801
285 545
285 801
285 482 609
285 482 609
285 334 373 609
285 619
285 609 801
285 801
285 801
285 483 801
285
285 544
286 791 820
286 287
286 287 665 861
286 665
286 820
286 861
286 933
286 861
286 861
286 287
286 820
286
286 861
286 287
286 791
287
287 562
287 376 460
287 903
287
287 665
288 290 428 806 874
288 292 293 377
288 428 806 862
288 894
288 806
288 376
288 429 485 614
288 428 806 862
288 289 292 375 377 485 910
288 429 485
288 293 376 431
288 289
288 431
288 376
288 431
288 289
288 289 428
288 289
288 774
288 806
289 428 862
289 614
289 428
289 290 809
289 862
289 809
289 806
289 809
289 428
289 862
289 862
290 809
290 809
290 558
290
290 435 436 784 821
290 427 430
290 306
290 292 428 430 806
290 806
290 292 485 862
290 306 809
290 292 485 809
290
290 428 806
290 428
290 306
290 784
290
290 428 806
290 428
290 809
290
290 428 809
290 614
290 806
290 306 809
291 375
291 427 428 485
291 874
291 874
291 292 485
291 375
291 874
291 292 614
291 375 874
291
291 874
291
291
291 375 614
291 485 874
291 874
291 292 428
291 292 375 874
291 545
291 292 614 896
292 370 429 485 806
292 375 430
292 485 797
292
292 862
292 428 806
292 614 862
292 295 484 547 862
292 485 862 941
292 614
292 614
292 614
292 862
292 862
292 721
292 430
292 430 614
292 862
292 862
293 547
293
293 547
293 431
293
293 547
293 431
293 825
293 547
293 432 894
293 547
293 547
293 431 882
293 294 427
293 547
293 547
293 547
293 547
293 369 550
293 376 547
293 431
293 547
294 775
294 549 550
294 775
294 775 797
294
294 484
294 549
294 775
294 621
294 295 797
294 775
294 797
294 871
294 548 549
294 548
294
294 549
294 431
294 775
294 549
294 548
294 775
294 483
294
294 797
294 775
295 548
295 843
295 548 797
295
295 548 797
295 301 849
295 301
295 843
295
295 548
295 361 427 526 530 621
295 377 548 549 775
295 548 797
296 791
296 298 299 555
296 486 487 707
296 554
296 616
296 555
296 616
296 298
296 555
296 299 488
296 299 555
296 487
296 706 707 911
296
296 554 708
296 844
296 487
296 844
296 844
296 844
296 486 844
296 555
296 486 616
296 551
296 555
296 552
297 661
297 707
297 707
297 825
297 825
297 825
297 825
297 825
297 825
297 661
297 825
298 434 488 556
298 299 488
298 618
298 809
298 873
298 554 708
298 487 488
298 554 555 618
298 299 434 487 708
298 618
298 299
298
298 825
298 618
298 299 434 554 899
298 567
298 618 899
298 434 745
298 302 434
298 555
298 809
298 299 300 434 618 671
299
299 554
299 618 849
299 304 372
299 301
299 301 849
299 555
299 434 554
299 708
299 434 554
299 708
299 708
299 434
299 301 849
299 842
300 618
300 809
300 708
300 618
300 434 555
300 554
300 710
300 618 708 849
300 618
300 555
300 708
300 555
300 555 618
301 849
301 487
301
301 553 849
301 849
301 849
301 378
301 554
301 554
302 763
302 745 763
302 745
302 670
302 745 763
302 620
302 763
302 763
302 745
302 763
302 619 620
302 433 763
302 745
302 763
302 745
302 620
302 619
302 745
302
302 763
302 620
302 745
303
303 557
303 745
303
303 619
303 619
303 557 745
303 619
303
303 774
303 305
303 672
303 620
303 620
303 422
303 952
303 620
303
304 422 423 433 557
304 423 557 709
304
304 709
304 709
304 709
304 709
304 709
304 709
304 557 709
304 620
304 709
304 305 709
304 305
304 709
304 305
304 709
304 305
305 455
305 557 709
305 709
305 709
305 709
305 455
305 423 709
305
305 642
305 709
306 802
306
306
306 809
306 436
306 784
306 784
306 705
306 809
306 435 784
306 809
306 809
306 809
306 809
306 784
306 784 802 809
306 784
306
306 809
306 436
306 809
306 809
306 802 809
306 784 809
307 864
307 798 864
307 864
307 309
307 308 310 519
307 309 721
307 311 673
307 308 310 798
307
307 864
307 310
307 311 864
307 798
307 864
307 439 440 519
307 864
307 864
307 798
307 308
307 309
307 310 439
307 308 309
307 308
307 864
308 309
308 311
308 981
308 492
308
308 309
308 312 673
308 519
308 981
308 492
308 312
308 492
308 311 673
308 309
308 311
308 492
308 310 492
308 798
308 310
308 309 311 673
309 439 440 519 711
309 440 711
309 439
309 440 711
309 311 982
309 491
309 439 711
310 865
310 496
310 492
310 496
310 496
310 798 864
310 865
310 496 714
310
310 383
310 865
310 792
310 865
310 496
310 366
310 714
310 496 865
310 496 865
310 865
310 382 792
310 496
310 714 865
310 865
310 865
311 798
311 798
311 440 519 711
311 442 798
311 798
311 864
311 673
311 713
311 492
311 492
311 798
312 853
312 713
312 624
312 713
312 624
312 315 624
312 713
312 624
312 623 624
312 711
312 494 564 623 826
312 623 826
312 623 624
312 325
312
312
312 361 793
312 713
312 623
312 442 623
312 314
313 402 405 439 673
313 673
313 315
313 315 826
313 381 713
313
313 381
313 381
313 315
313 903
313 314
313 826
313 903
313 314 315
313 315 381 903
313 381
313
313 903
313 674
313 441 674
313 315 381
313 903
314 624
314 315
314 315 381
314 826
314 381
314 450
314 447 449 450 500
314
314
314 315
314 315
314 826
314 315 381
314 826
314 903
314 381 826
314 442 494 826
314 381
315 744
315 826
315 381 903
315 903
315 903
315 903
315 903
315 623
315
315
315 623
315 713
315 903
315 623
315 713
315 903
315 381 826
316 985
316 450
316 443
316 443 792
316
316 566
316 384
316 383 444
316 565
316 566
316 566
316 317 444 625 865
316 443
316 985
316 565
317
317 850
317 625
317 491
317 444 625
317 444 625
317
317 850
317 444
317 625
317 625
317 625
317 444
317 625 850
317 625 850
317 850
317 444 625 793
317 626
317 850
317 625
318
318 324
318 921
318 447
318 921
318 319 921
318 319
318 323
318 324 765
318 323 765
319 921
319 921
319 447
319 447
319 568
319 447
319 568
320 449
320 499 915
320 627
320 556
320 915
320 321 449 450 776
320
320 321 776
320 321 677
320 321 677
320 499 915
320 556 671 717 866
320 818 915
320 776
320 321
320 671
320 677
320 834 854
320 321 776
320 500 677 719
320 321 500
320 499 915
320 677 915
321 776
321 449 627
321 866
321 560
321 776
321 776
321 776
321
321 450
321 450
321 776
321
321 496 566
321 449
321 866
321 500
321 500
321 776
321 627 866
321 776
321 491
321 866
321 450
321 677
321 776
322 765
322 573
322 573
322 326
322 854
322
322 765
322 438
322 573
322 573
322 573
322 324 501 574 765
322 438
322 765
322 765
322 573
322 626
322 626 765
322 626 765
322 854
322 765
322 323 324
322 765
322 854
322 626
322 408
322 626
322 626
323 325
323 626 765
323 765
323 823
323 325
323 823
323 574
323 501 627
323 628 823
323 325 823
323 520
323 324
323 324 520
323 903
323 325
323 574
323 324
323
323 573
323
323
324 854
324 854
324 854
324 823
324 626
324 438 765
324
324 854
324 574
324 823
324 854
324 823
324
324 854
324 627
324 765
324 326 627 628
325 341 725 897
325 341 725
325 823
325
325 405 823
325 405
325 823
325 405 814 875
325
325 823
325 405 823
325 823
325 626 765
325
325 509
325 405
326 766
326 628
326 626
326 766
326 766
326 766
326 766
326 766
326 573 765
326 568
326
326
326 628
326 766
326 766
327 328
327
327 502
327 679
327
327 331 678
327 502
327 678
327
327 678
327 502 679
327 679
327 679
327 679
327 648
327 679
327 932
328 679
328 679
328 333
328 679
328 460
328 679
328 679
328 679
328 460
329 827
329 827
329 866
329 330 454
329 330 827
329 330 454
329 827
329 454
329 827
329 827
329 498 678 827
329 678 810
329 810 827
329 827
329
329 454
330 810 935
330 810
330 498
330 448 503
330 454
330 935
330 454
330 810
330 454 498 856
330 454 827
330 678
330 454
330
330 498
330 454
331 828
331 503
331 503
331 332 503 828
331 392 453
331
331 392 503
331 828
331
331 392
331 503
331 828
331 828
331 332 503 828
331 828
331 828
332 463 768
332 639
332 803
332 587
332 503
332 463
332 639
332
332 509
332 639
332 464
332 343 587
332 639
332 392
332 343
332 639
332
332 587
332 463
332 345
332 639
333 829
333 576
333 829
333 829
333 829
333 580
333 576
333 576
333 576 829
333 576 829
334 544
334
334 544 610 929
334
334 680
334 389 666
334 577
334 830
334 578 680
334 680
334 579
335 386 830
335 916
335 916
335 386
335 455
335 386 455 680
335 455
335 455
335 830
335 455
335 387
335
335 577
335 386 455
335 386
335 386 455
335 830
335 386
336 895
336
336 459 895
336 722
336 851
336 895
336 459
336 459 722
336 722
336 722
336 722
336 459
336 722
336 895
336 788
336 714
336 459
336 577
336 459
336 459
336 722 817 883
337 505 796
337 632
337 631
337 632
337 796
337 895
337 796
337 714
337 796
337 631
337 389 631
337 796
337 505 632
337 714
337 505 632
337 632
337 714
337 632
337 796
337 796
337 389
337 714
337 714
337 632
337 747 748
337 505
337 389
338 908
338 581
338 908
338
338
338 496 675
339
339 959
339 638
339 638
339 633 852
339 778
339 461 852
339 852
339 959
339 778
339 638
339 778
339
339 461 687 778
339
340 847
340 637
340 847
340
340 391
340 347
340 847
340 897
340 391
340 391
340 493
340 847
340 391 847
340 391
340 391
340 341 847
340
341 342
341 725
341 897
341 803
341 847
341
341 725
341 637
341 723
341 725 778
341 847
341 575
341 483 546 725 812 833
341 637 725
341 883
341
341 847
341 637
342 755
342 755
342 755
342 755
342 755
342
342 755
342 755
342 635 637 638 723 751 835
342 755
343 803
343 462
343 509 803
343 779 803
343 462
343 345
343 345
343 697
343 587
343 803
343 345
343 493
343 587
343
343 463
343 511
344 682
344
344 917
344 917
344 917
344 768
344 511 768
344 463
344 463 721
344 768
344 768
344 682
344 639
344 464 768
344 682
345 639
345 639
345 509 587
345 639
345 803
345 511
345 639
345 587
345 587
345 511
345 639 682 744
345 803
345 639
346 347
346 928
346 831
346 392
346 347 392
346 392
346 831
346 684
346 831
346 392
346 684
346 347
346 831
346 831
346 831
346 347 742
346 831
347 391
347 831
347 928
347 508 751
347 928
347 751
347 928
347 831
347 684 831
347 684
347 742
347
347 392 831
347 640 684 928
347
347 831
347 692
348 879
348 469
348 795
348 795
348 394 647
348
348 857
348 898
348 898
349 641
349 729
349 465 756 848
349 743
349 465
349 729
349
349 465 848
349 512
349 465 641
349 641 727 804 978
349 350
349 465 641 804 848
349
349 726
349 848
349 465 743
349 729
349 465 848
350 898
350 729
350 743
350 465
351 878
351
351 878
351 878
351 878
351 685
351 811
351 811
351 624
351 685
351 468 513 646 648
351 811
352 732
352 471 892
352
352 356
352 356 771
352 892
352 471
352 892
352 356
352
352 357
352 397
352 471
352 471
352 397 517
352
352 357 471 691
352 397 892
352 359
352 354 356 397 471 771
352 397
353 396 514 799
353 471 771
353 399 577 680
353 686
353 799
353 397 471
353 409 770
353
353 771
353 398 517
353 471
353 471 771
353 892
353 359 517
353 731
353 355 397 892
353 770
353 358
353 356 771
353 691
353
353 514
353 799
353 409 514 732
353 799
353 355 771
353 358
354 892
354 397
354 355 397 771
354 359
354 397 771
354 515
354 892
354 771
354 892
354 892
354 691 799
354 517
354
354 892
354 397
354 892
354 397 892
354
354 397
354 397
354 892
354 355
354 892
355
355 731
355 396 799
355 397
355 972
355 799
355 359
355 690
355 972
355 771
355 356 771
355 771
355
355 356 771
355 356
355 771
355 396
356 357 771
356 771
356 357 514 691 771
356 840
356 357
356 597
356 357 840
356 515
356 771
356 357 771
356 357
356 771
356 409 770
356 397
357 690 691
357 515
357
357 397 517 691
357 691
357 691
357 771
357 691 771
357 877
357
357 472 692
357
358 757
358 840
358 515
358 359 596 840
358
358 757
358 515
358 757
358 757
358 473
358 359 840
358 757
358 757
358 515
358 757
358 473
358 757
358 473 692
358 757
358 359
359 840
359 517
359 840
359 840
359 517
359 757
359 757
359 757
359 517
359 840
359 517
359 840
359 840
360 399
360 880
360 840
360 399 840
360 880
360 361
360 518
361 559
361 793
361 877
361
361
361 399 597
361 793
361 793
361 864
362 870
362
362 364
362 764
362
362
362 870
363 871
363
363
363 871
363 871
364 737
364 737
364 366
364
364 715
364 735 870
364
364 735
364 735
364 870
364 370
364 370
364 735
364 366 544
364 601
364 870
364 601
365 870
365 715
365 715
365 870
366 736 772
366 601 870
366 737
366 737
366 601 858
366
366 601 737
366 737
366 737
366 601
366 870
366 737
366 870
366
367 525 859
367 416
367 656
367 595 695 700
367 602 656
367 698
367 722
367 481 700
367 420 636 700
367
367 656
367
367
367 525 656
367 414 893
367 698
367
367 369
367 698
367
367 698
368 756
368 756
368
368 756
368 513
368
369 655
369 479
369 602
369 419 481 548
369
369 415 907
369 660 695
369 766
369 698
369 655 690 872
369 758
370
370 862
370
370 479
370 479 736
370 479
370
370 479
370 375
370 614
370 700
370 479
370 614
370 614
370 813
370 614
370 375
370 885
370 526 530
371 661
371 886
371 886
371 517
371 400
371 701
371 542
371 661
371 661
371 886
371 886
371 661
372 422
372 422
372 540
372 422
372 422
372 422
372 541
372
372 540
372 662 886
372 422
372
373 703
373 703
373 703
373 703
373 703
373 609 703
373 543
373 609 703
373 974
373 703
373 703
373 703
374 482
374
374 665
374 665
374 663 832
374 613
374
374 832
374
374 545 665
374 832
374 663 836
374
374 774
374 665
374 832
374 663 702 832
374
374 833
374 774
374 609
374 832
374 833
374 702
374
374 702
374 781
374 832
374 832
374 611
374 812
374 774 833
374 832
374 663 702
374 702
374 781
375 429
375 843
375 614
375 429 614 704
375 614
376 618
376
376 671
376 671
376 618
376 671
376 671
376 671
376 671
376
376 431
377
377 548
377 743
377
377 797
377 775
377 797
377 797
377 548
377 621 797
377 548 797
378 551 762
378 783
378 783
378 763 783
378 705
378 762
378 551 762
378 551
378 551 762
379
379 802
379 436 785
379
379 802
379 490 802
379 490 785 802
379 821
379 785 802
379 802
379 436
379 802
379 784
379 802
379 876
379 710 784 802
379 785
379
379 436 802
379
380 674
380 904
380 674
380 674
380 404 674
380 404
380 493 764
380 440
380 674
380 674
381 713
381
381
381 713
381 713
381 494
381 713
381 713
381 403
381 494
382 792
382 792
382 383 566
382 383
382 383
382 792
382 496
382 792
382
382 383
382
382 792
382 792
382 792
382 383
382 383
382 792
382 792
382 443
383 792
383 443
383 792
383 443
383 792
383 792
383 443
383 792
383 792
383 443
383 792
383 443
383 443 565
383 792
384
384 715
384 715
384 715
385 576
385 829
385 827
385
385 827
385 827
385 829
385 912
385 498
385 829
386 455
386 455
386 455
386 455
386 680
386 455
386 830
386 830
386 388 830
387 721
387 721
387 624
387 721
387 868
387 868
387 721
387 721
387 624
387 624 830
388 830
388 830
388 578 830
388 830
388 830
388 830
388 830
388 830
388 830
389
389 846
389 714
389 895
389 895
389
389 631
389 747
389 714
390 869
390 633 753
390 510 633 634 753
390 753
390 634
390
390 724 752
390 753
390 869
390 634
390
390 633 869
390 753
390 753
391
391 847
391 697
391 847
391 721
391 847
391 847
391 847
391 847
391
392 720
392 679
392 909
392
392 831
392
393 986
393 512 898
393 644
393 986
393 884
393
393 591
394 468 594
394 756
394 594
394 647
394
394 468 588 688
394 647
394 647
394 769
394 468
394 464 647
394 769
394 569
394
394 647
394 588 594
394
394 468
394 769
394 729 769
394 467
395
395 469
395 913
395 728
395 593
395 728
395 593
395 592 728
395 467 592
395 593
395 913
395
395 879 913
396 659
396 517
396 596 690
396 732
396 888
396 409 799 888
396 517
396
396 514
396 731
396 771
396 731
396 888
396 888
396 731
397 732
397 659 690
397 517
397 892
397 892
397
397 892
397 892
397 471 771
398 515
398 599
398 473 517
398 472 473 692
398
398
398 515 692
398 473
398 599
398 599
398 599
398
398
398 692
399 840
399 840
399 518
399 472 894
399 840
399 473 840
399 472 599
399 840
399 409
400 541
400 541
400 662
400 662
400 541
400 662
400 947
400 608
400 662 886
400 947
400 662
401 403 915
401 403 915
401 402
401 915
401 915
401 673
401 402
401 915
401 403
401 565 566 675
401 403
402 837
402
402 438
402 837
402
402 713
402 864
402 491 622 837
403 733
403 842
403 448 676
403
403
403 622
403 915
403 448
403
403 915
403
403 915
404 744
404 744
404 441 674
404 744
404 744
404 744
404
404 493
404 674
405
405 493
405 837
405 406 493 864
405
405 875
405 837
405 877
405 406
405 406
405 864
405 864
405 406 711
405 406
405 493
405 491 674
405 674
405 864
406
406 493
406 823
406 711
406 493
406 814
406 814
406 875
407
407 823
407 642
407
407 766
407 628
407 504
407 766
407 512 727 898
407
408 520
408 575
408 823
408 575 823
408 520 823
408 520
409 691 770 888
409 770 799
409 691
409 888
409 840
409 514 732 888
409 799
409 799
409 691 799
409 731 732
409 691 799
409 770 799
409 731
409 799
409 691 799
409 731 770 799
409
409
409 799
409 691 799
409
409 799
409 691
409 799
410 858
410 734
410 474
410 858
410 474
410
411 521
411
411 960
411 858
411 412
411 824
411 412
411 824
411 824
411
411 824
411 412 824
411
411 412
411 960
411 824
411 412 824
411 815
412 815
412 824
412 824
412 523
412 824
412 523
412 824
412 824
412 815
412 815
412 736 815
412 815
412 858
413 475 893
413 734
413 860
413 893
413 893
413 524
413 484
413 529 804
413 804
413
413 860
413 738
413 524
413 804
413 475
413 475
413 414 804 893
413 524
413 804
413 414 475
413 804
413 860
413 475 804
414 789
414
414 738
414 475 789
414 893
414 738
414 789
414 738 804
414 789
414
414 738
414
414 738
414 789
414 475
414 789
414
415 805
415 755
415 690
415 690
415 907
415 655 690 872
415 690
415 878
415 878
415 872
415 655 805
415 534
415 859
415 690
416
416 700
416 698
416 656 698
416 698
416 859
416 419 534
416 601 698
416 805
416 656
416
416 525
417 527 528
417 527 902
417 528 841
417 860
417 860
417 528
417 479 537
417 860
418 927
418 658 759
418 529 759
418 478 584 603 628 657 659 801
418 478
418 478
418
418 478
418 529
418 478
418 529
418 477 529 927
418 478
418 477 659
418
418 927
418 420 695
418 584 759
418 478
419 841
419 841
419 841
419 480
419 700
419 534 841
419 481 700
419 480 534
419 534
419 481
419 480 534
419 534 841
419 480
419 700
419 841
419 660
419 480 841
419 534
419 480
419 605
419 481 534 841
420 695
420 695
420
420 524 534 841
420 537 861 889
420 536 537 893
420 534 537
420
420 889
420 893
420 695
420 524 861
420 695
420 602 698
420 524
420 537 861
420 893
420
420 537
420 537
420 535 537
420 534
420 889
420 861
421
421 741
421 741
421 716
421 741
421 716 825
421 872
421 716 741
421 716 825
421 741
421 741
422 433
422 709
422 620
422 702
423 969
423 709
423 709
423 709
423 556
423 557
423 709
423 435 558
423 544
423 709
423 424 425 426
423 424 425
423 709
423 709
423 709
423 424
423 425 431 484 485 547 548
424 774
424
424 425
424 668
424 425
424 774
424 836
424 774
424 964
424 774
424 425
424
424 425
424 668 836
425 668 709 964
425 774
425 709
425 709
426 836
426 836
426 836
426 668
426 613
426 668 836
426 836
426 611
426 836
426 836
426
426 836
427 873
427 871 873
427 485
427 871 873
427 873
428 806
428 862
428 485
428 806 862
428 429 704
428 862
428 862
428 862
428 862
428 806
428 862
428 806
428
428 862
428 809
429 430
429 430 704
429 862
429 614 862 896
429 485
429
429 704
429 614
429
429 862
430 484
430 704
430 484
430 862
430 484 547
430 547
430 484 721 824
430 721
430 874
430 704
430 704
430 862
430 484
431 671
431 882
431 666 667
431 667 812
431
431 882
431 546
431
431 666 667
431 671
431 667
431 566 577
431
432 615
432 615
432 894
432 615
432 615
432 615
432 615
432 894
433 567
433 809
433 620
433 619
433
433 620
433 620
433 620 763
433 619
433 620
433 620
433 620
434 488
434 554
434 708
434 708
434
434 488
434 554
434 671
434 488 671
434 899
434 899
434 488 556
434 554 899
434 488
435 436 490 784
435 821
435 821
435 489
435 809
435 821
435 821
435 821
435 876
435 821
435
436 785
436 710 887
436
436 876
436 784
436 876
436 821
436 802
436 784
436 887
436 558 785
436 821
436 490 785
436 785
436 784
436 710 785
436 784
436 490 802
436 784
436 802
436 821 876
436
436 556
436 558 784 809
437
437 560 621
437 863
437 863
437 562
437 560
437 621
437 560 621
437 559 621
437
437 621
438 622
438 622
438 765 854
438 622 837
438 837
438 440 711
438 622
438 622
438 837
438 854
438 622
438
439 674
439 491
439 711
439 864
439 440
439 939
439 440 519 798 864
439 711
439 864
439 563
439 440 711
440
440 711
440 711
440 711
440 711
440 711
440 711
440 711
440 711
440 519
440 711
441 493
441
441 744
441 493
441 744 971
441 493
442 795
442 766
442 564
442 494 766
442 864
442 864
442 864
442 494 766
442
442 864
442 783
442 563
442 494 766
442 494
442 563
442 599 649 689 698
442 563
442 563
442 494
442
442 494
442 623 624
442 864
443 565
443 792
443
443 566
443 495
444 865
444 625
444 865
444 793
444 573 865
444 625
444 865
444 865
444 865
444
444 865
445 498
445 498
445 498
446 855
446 866
446 718
446 855
446 855
446 866
446 843
446 866
446 572 718 843
446 855
446 716
446 855
446 671
446 855
446 866
446 855
447 500 776
447 500
447 776
447
447 776
447 776
447 449 450 677 776
447 776
448 571
448 866
448 827
448 503
448 676
448 676
448 720 746
448 866
449 450 719
449 719
449 571
449 500 677
449 719
449 677
449 450
449 450
449 719
449 450 677
449 450
449 776
449 866
449 677
449 677 776
449 568
449 500 501 671
449
449 842
449 627 776
450 733 842
450 842
450 627
450 677 776
450 677
450 500 776
450 677 842
450 677
450 677
450 842
450 842
451
451 453
451 453
451 453
451 502
451 453
451 453
451 502
451 453
451 746
451 453 746
451 453
451 453
452 746
452 720
452 720 746
452 453
452 746
452 746
452 746
452
452
452
452
452 720
452 746
452 720
453
453 746
453
453 746
453 786
453
453 746
454 827
454 827
454 827
454
454
455 679
455 830
455 830
455 679
455 916
455 830
455 916
455 830
455 916
456 577
456 838
456 577 838
456 577
456 577
456 680
456
456 680
456 838
456 680
456 680
456 577
456 680
456 838
457 748
457 631
457 748
457 631 748
457 506
457 748
457 506
457 458 748
457 748
457 748
457 846
457 458
457 631
457 506
457 506
457 506
457 505
457 748
458
458 777
458
458 506
458 505
458 846
458 506
458 846
458 747 846
458 505 748
458
458 505 796
458 505
458 747
458 505 506 748
458 796
458 788
458 796
458 747
458 505
458 748
458 506
458 505
458 505
459 722
459 722
459
459 722
459 722
459
459 579 681
459 722
459 722
459 722
459 478
459 787 788
460 884
460 819
460 582
460 819 839
460
460
460 884
460 583
461 634 638
461 754
461 752
461 752
461 852
461
461 752
461 852
461 634
461 752
461 687
461 634
462
462 697
462 464
462
462 697
462 697
463 639
463 464
463 768
463 649 884
463
463 464
463 639
463 884
463 464
463 464
464 678
464 678
464 678
464
464
464 803
464 678
464 724 753
464 468 595 900
464 678
465 848
465 756
465 978
465 848
465 756
465 848
465 641
465 848
465 848
465 898
465 641
465 641 848
465 769 848
466 686 811
466 592 685
466
466 590
466 590
466 878
466 850
466 878
466 591
466 811
466 591 850
466 591
466 495 591 686
466 686
466
466 686
466 591 686 850
467 513 756
467 729
467 592
467
467 900
467 592 878
467 900
467
468 648
468 879
468 648
468 513
468 644
468 513
468 891
468 769
468 891
468 513
468 891
469 857
469 648
469 688
469 688
469 688
469
469 644 879
469 504 643
469
469 647
469 688
469 644
469 857
469 643
469 857
469 963
469 857
469 504 643
469
469 644
469 644
469 504
469 588 857
469 504 727
469
469 688
469 688
470 922
470 595
470 493 794
470 493 794
470 650 651
470 922
470 922
470
470 794
470 647 652 922
470 922
470 780
470 650 651
470 650
470 922
470 647
470 794
470 595 730
471 516
471 473 516
471 892
471 692
471 516
471 472 516
471 771
471
471 771
471 472 473 516 692
471 473
471 516
471 771
471 771
471 771
471
472 473
472 692
472 719
472 473
472 654
472 692
472 516 692
472 840
472 597
472
472 692
472 516
472 654 692
473 517
473 515
473
473 517
473 719
473 757 840
473 892
473 692
473 654
474 858
474
474 734
475 804
475 789
475
475 804
475 804
475
476 535
476 760
476 535
476 536
476 605
476 760
476 535
476 660 695 889
476 885
476
476 760
476 813
476 889
476 480
476 860
476 530
476 696 885
476 536 605
476 535 605
476 536
477 478 628
477 584
477 525 801
477 478
477 628
477 871
477 914
477 478 944
477 659
477 659
477 659
477
477 584 659
477 525
477 659
477 525
478 584 628
478 603
478
478 603
478 603
478
478 759 805
478 603
479 530 813
479 813
479 800
479 813
479 530
480 841
480 841
480 700
480 700
480 841
480 841
480 660 700
480 841
480 534
480 841
480 655
480 534
481 655 697
481 535
481 739
481 533
481 535
481 889
481 861
481 605 739
481 535
481 533
481
481 700 739
481
481 700 889
481 695
481 536
481
481 700 889
481 536
481 535
482 703
482 783
482 703
482 609
482 543 609
482 801
482 801
482 543
482
483 966
483
483 801
483 744
483 545
483 665
483 543 703
484 547
484 721
484 704
484 873
484 873
484 721 873
484 721
484 873
485 923
485 797
485 547 797
485 923
485 923
485
485 797
485 862
485 797
485 763
486 844
486 616
486
486 487 616
486 844
486 616
486 844
486 616 844
486 616
486 616
487 705
487 620
487
487 672 745
487 618 849
488 556
488 670
488 671
488 556
488 671
488 556
488 556 671
488 556
488 671
488 554
489 558 876
489 802
489 705
489 705
489 557 620 782
489 710
489
489 705
489 551
489 876
489 705
489
489 797
489 551
489 705
489
489
489 705 876
490 802
490 802
490
490 616
490 821
490 802
490 785
490 876
490 802
490 802
490 802
490 785 876
490 876
491
491 837
491 563
491 623
491 563
491
491 674 712
491 494 563 623 766
491 563
491 674
491 674
491 939
491
492 673
492
492 864
492 864
492 942
492 942
492 942
492 673
492
492 519
493 794
493 683 803
493 794
493 794
493 752 753
493 683
493 719 794
493 652
493 689 780
493 652
494 563
494 826
494 713
494 826
494
494 564 904
494 623 624
494
494 766
494 826
494 624
494 564
494 623
494 713
494 564 624
494 766
494 624
494 826
494 766
494 562
494
494
494 826
495 850
495 686
495 728
495 728
495 850
495 680 865
495 686
495 686
495
495 497
495 686
495 850
495 513
495 686 850
495
495
496 865
496 566 865
496 865
496 497 715
496 865
496 865
496 575
496 865
497 850
497 850
497 850
498
498 576 829
498 829
498
499
499 818
499
499 818
499 718
499 915
499 915
499
499 915
500 719
500
500 627
500 719
500 776
500
501 765
501 520
501 520
501 520 574
501 627
501 520
501 776
501 626 765
501 571
501 626 765
502 679
502 679
503
503 678 762
503 511 909
503 909
503 828
504
504 629
504 629 968
504 624
504 643
504 647
504 629
504 643
504 569
504 643
504 629
504 629
504 769
505 796
505 796
505
505
505 788
505 796
505
505 796
505 796
505 796
506 822
506 846
506 721
506 748
506 747 846
506
506 822
506 748
506 846
506 846
506 748
506 846
506 747
507
507 576
507 787 796
507 576
507
507
507 777
507 817
507 749
507 749
508 751
508 753
509 633
509
509 639
509 639
509 754
509 803
509 754
509 816
509 723 816
509 803
510 633
510 633
510 869
510 816
510 869
510 835
510 580 634
510 869
510 852
510 633 869
510 869
510 869
511
511 682
511 639
511 639
511 725
511 682
511 768
511 768
511
511 803
511 765
512 643
512 642 727
512 727
512
512 767
512 898
512
512 727 898
512 643
512
512
512 642 898
512 898
512 726
512 898
513 756
513
513 729
513 756
513 756
513 729
513 756
513 900
513 729
514 654
514 654
514 654
514 654
514 692
514 799
514 517
514 597
514 654
514 654
514 732 888
514 515
514 654
514 654
514 802
514
515 840
515 692
515 692
515 771
516 692
516 654
516 692
516 692
516 799
516 692
516 892
516 654
516 597 692
517 691
517 691
517 691
517
518
518 880
518 596
518
519 711
519 711
519 711
520 627
520 903
520 627
520 765
520 573
520 574 627
520 574 903
520
520 903
521 523
521 858
521 824
521 736
521 858
521 858
521 858
521 858
521 858
521 858
521 858
521
521 858
522
522 858
523 601
523 715
523 601
523 824
523 601
523 601
523
523
523
523 601 715
524
524 534 537
524 861
524
524 537
524 534 537
524
524 893
524 537
524 804
524 893
524 893
524 871
524 804
524 804
524 860
525
525 758 801
525 914
525 914
525 758 859
525 914
525 772 859
525 801
525 656 772
525 914
525 859
525
525 859
526 789
526
526 613
526 773
526 773
526
526 613
526 773
526 530
526 773
527 860
527 860
527 860
527 699 860
527 860
527
527 860
527 860
527 860
527
527 699 860
528 885
528 885
528 885
528 885
528 885
528 885
528 885
528 885
529
529 759
529
529
529 861
529 603 658
529 657
529 759
529 655 759
529 657 759
529 759
529 861
529 860
529 759 801
529 603 658 860
529 603 759
529 658
529 861
530 813
530 531 813
530 813
531 813
531 813
531 813
531 813
531 813
531 604
531 813
531 813
532
532 533
532
532 861
532 698
532 533
532 533
532 605
532 861
532
532 533 660 695
532 695
532
532
532 533
532 695
533 660
533 660
533 660
533 951
533 889
533
533 841
533 660
533 535 537
533 695
533 660
533 660
533 951
533 695
533
534 535 694
534 695
534 889
534 841
534 889
534 694
534 695
534 841
535 536
535
535 536
535
535 605
535 739
535 739
535 889
535 889
535 605 739 889
535 605
535 889
535 537 861
535 889
535 605
536 739
536 700
536 739
536 700 739
536 700
536 605
536 605 739
536 700
536 605
536 739
537
537
537 605
537 695 800
537 861
537 861
537 893
537 861
538 742
539 926
539 606
539 606
539 606
539 606
539 606
539
539 606
539
539
540
540 542
540 542
540
540 541 542
540
540
541 790
541 662
541 790
541 790
541
541 662
542 662
542 886
542 886
542 886
542 607
542 607
542 886
542 662
542 886
542 886
542 662
542 606
542 662
542
542
542
542 662
543 703
543 703
543 703 761
543 616
543 663 702
543
543
543 970
544 743
544 609
544 743
544 743
544 743
545 801
545 665
545 801
545 830 882
545 882
545 801
546 882
546
546 761 781
546 667
546 666
546 666 667
546 666 882
546 667
546 667
546 667
546 667
546
546 667
547 561 853
547 561
547 853
547
548 549
548 549
548 775
548 797
548 549
548 775 797
548 797
548
548 797
548 797
548 549
548
548 549
548
548 556
548 797
548 775
548 549
548 549
548 681
549 550
549 873
549 871
549 873
549 873
549
550 821
550 821
550 957
550 603 696
551 705
551 705
551 876
551 762
551 762
551 762
551 762
551 705
551 705 762
551 783
551
551 705
552 844
552 707
552 707
552 844
554 555
554 555
554 708
554
554 555
554 555
554 899
554 899
554 708
554 618
554 555
554 555
554 555
555 899
555 618
555 899
556 718 915
556 671
556 572
556 572 733
556 572 671
556
556 671
556 671
556 572
557 745
557 567
557 745
557
557 745
557 782
557 709
557 745
557 672
557 782
557 782
557 672
557 745
557
557 567
557 567
557
558 785
558 785
558 710
558 821
558 710
558 710
558 782
558 710
558 710
558 785
558 887
558 785
558 785
559 877
559
559 877
559 560
559 877
559 775
559
560
560
560 621
560 863
560
560 621
560 621
560
561 783
561 853
561 903
561 783
561 783 853
561 853
561 783
561
561 783
561 934
561 853
561 674
561 934
561 853
561 783 853
561 853
561 824
561 712
562 827
562 621
562 783
562 827
562 712
562
562 673
562 563
562 853
562 827
562
562 824
563 826
563
563 980
563
563 766
563 623 826 980
563 864
564 713
564 904
564 864
564 713
564 713 904
564 713
564 904
564 623
565 566
565 566
565 566
565 566
565
566 612 782
567 782
567 876
568
568 855
568 855
568 676
568 676
568 676
568 855 866
568
569 643
569 642 727
569 769
569 643
569 643
569 769
571 676
571 854 855
571 854
572 854
572 843
572 834
572 834 958
572 718
572 671
572 866
572 854
572 854
573
573 765
573 765
573 676
573 575
573 765
573 575
573 627
573 627
574
575 676
575
575
575
575 823
576 749
576
576
576
576 749
577
577 624
577 830
577
577 725
578 968
578 968
578
579 822
579 868
579 822
580 638
580 816
580 816
580 586
580 816
580 640
580 847
580 640 816
580 638
580 816
580 638
580 640 816
580 640
580
580 640
580
580 637
581 723
581 723
581
581 582
581 839
581 723
581 591
581 583 839
581 583
581 583
581 723
581 582 723
581 583
581 582 723
581 583
582 723
582 723 909
582 723
582 723
582 909
582 583 839
582 723
582 723
583 839
583 839
583 839
583 839
583
583 839
583 839
583 839
583 839
583 839
583 584
584 628 659
585 912
585 912
585
585 912
585
585 912
586 917
586 779
586 744
586
586 917
586 723 767 779
586 779
586 697
586
586 779
586 917
586 683
586
586 779
586 683
587 917
587
588 728
588 728
588 646
588 857
588 646
588 769 857
588 857
588 645 879
588
588 857
588 646
589 900
589 641 743 756
589 900
589 685
589 743
589 900
589 593 728
589 743
589 685
589 685
589 593 728
589 685
589 900
589 900
589
590 591
590 920
590 591 686
590 686
590 592 686
590 592
590 591
591 686 878
591 878
591 878
591 728
591 878
592 920
592 878
592 593 728
592 728
592 728
592 728
592 686
592 878
592 728
592 593 900
592 728
592 593 685 728
592 920
593 913
593 728
593 685
593 913
593 728
593 728
593 728
594 756
594 647
595 794
595
595
595 794
595 794
595 794
595 652 794
595 652
595 652
595 647 794
595 794
595 794
595 853
595
595 794
595 650 719
595 652
596 731
596 731
596
596
596 731
597 692
597 692
598 694
598
598 800
598 956
598 694
598
598 694
598 694
598 759
598 800
598 889
598 694
599 651 652
599 730
599 651 719 794
599
599 651
599 689
599 651
599 794
599
599
599 650
599
600 735
600 735
600 735
600
600 735
600 735
600 735
601 870
601 870
601 870
601 715
601 870
601 715
601 737
601 870
601 715
602 872
602 690 872
602 872
602 698
602 656
602
602 698
602 859
602 872
602 656 698
603
603 805
603
603 660
603
603 805
603 605
603 805
603 805
604
604 760 805
604 760
604 885
604
604 760
605 889
605 889
605 739 889
605
606
606 696
606 607
606
606 696
606
607
607 608
607 608
607 608
607 608
608 790
608 790
608 790
608 790
609 664
609 664
609 801
609 610
609 610 664
609 664
609 610 664
610
610 833
610 664
610 664
610 929
610 664
610
611 612 613
611
611 613
611
611 613 702
611 782
611 613 668 781
611 782
611 782
611 782
612 782
612 782
612 613
612 782
612 709 782
612
612 613
612 702 781
612 782
612
612 613 781
612 782
612
612 781
613 781
613 668 781
613 984
613 781
613 668
613 702
613 668 702
613 782
613 984
613
613 668
614 896
614 784
614 862 896
614 896
614 896
614 896
615 844
615 844
615 706
615 844
615 894
615 706
618 873
618
619 970
619
619 970
620
621 910
622 837
622 987
622 837
622 837
622
622 837
622
622 837
622 837
622 837
623 624
623 713
623 713 826
623 826
623 624
623
623 713
623 875
623 826
624 721
626 765
626 765
626
626 765
626 765
626 765
626 765
626 765
626 765
626 765
626 765
626
627 807
627 866
627 807
627 807
628 659
629 976
629 976
629
629 976
630 777 787 788
630 787
630 788
630 787
630 796
630 796
630 788
630 796
630 787
630 796
630 787
630 787
630
630 796
630 796
631 916
631 916
631
631 796
631 748
631 822
632 722
632
632 788
632 722 851
632 777 788
633 753
633 869
633
633 816
633 852
633 816
633 852
633 753
633 816
633 753
633 724
633 634
634
634 752 754
634 752
634 852
634 754
634 638 724 930
634 752
634 852
634 852
635 835
635 779
635 751
635 835
635 683
635 636 924
635 638
635 636 924
635 751
635 835
635 751
635 636 751 835
635
636 723
636 767
636 751
636 835
636 835
636 752
636 767
636
636
636 752 767 779
636 779
636 835
637 883
637 883
637 883
637 883
637 835
637 883
637 883
637 883
637 835
638
638 752
638 753
638
638 752 753
638
638
640 816
640 831
640 645
640 847
640 948
640 816
640 682 865
640
641 848
641 756 769
641 898
641
641 848
641 804
641 848
641 804 848
641 848
642
642 727
642 769
642 727
642 898
642 769
642 898
642 898
643 898
644 645
644 687
644 688
644 688 879
644 769
644 688
644 645
644 963
644 645 687
644 879
644 645
644 687
644 645 646 688 879
645 646
645 857
645 646 857
645 857
645 857
645 879
645 688
645 646 857
645 646
645 646
645 688
645 857
645 879
645 688 879
645 688
645 879
645 648
646 857
646 857
646 857
646 769
646 688
646 857
646 857
646 687
646 687
646 688
647 652 922
647 922
648 769
648
649 954
649 954
649 794 884
649
649 653
649 721
649 696 805 870
649 794 884
649
649 755
649 653
649 653
649 884
649 653
649 884
649 884
649 794
649 653
650 719 922
650 652 780
650 922
650 652 780
650 780
650 718 733
650 651
650 719
650 719
650 794
650 922
650
650 794
651 730
651 730
651 719
651
651 730
651 730
651 730
651 780
651 719
651 652 922
651
651 689 780
651 922
651 730
652 794
652
652 794
652 730 780
652 780
652 780
652 780
653 689 794 953
653 953
653 953
653 689
653 884
654 691
654 877
654 877
655 690
655
655 889
655 700
655 690
655 697
655 907
655 805
655 697 805
655 697
655 690 805
655 697
656 698
656 698
656 698
656 698
656 698
656 698
656 698
656 698
656 698
656
657 967
657 759
657 759
657 759
657 658 805
657 759
657 759
657
657 861
658 759
658 805
658 759
658 759 805
658
658 759 805
658 805
658 805
658 805
658 801
658 801
659 691
659
659 690
659 690
660 889
660 695
660 695
660 695
660 951
661 849
662 886
662
663 781
663 702
663 781
663 836
663 882
663 702 781
663 832
663 761
663 812 832
663 812 832
663 832
663 702
663 836
664 833
664
664
665 933
665 791
665 933
665 820
665
665 791 820
666
666 882
666 882
666 667
666 882
666 882
666
666 830
666
666 882
667 830
667 812
667 882
667 704 882
667 812 882
667 812 833
668 702
668 836
668 836
668 781
668 836
668 836
668 836
668 702
668
669 814
669 814 849
669 849
669 706 814
669 670
669 825
669 670
669
669 670
669 670
669 814
669 875
669 849
669
670 849
670
671 718 818 843
671 843
671 717 843
671 717
671 866
672 745
672 745
672 745
672 745
673
674 903
674 712
674
674
674 853
674 903
674 903
674 853
674 903
674 744
675
675 903
675
676 823
677 776
677 915
677 915
678 810
678
678 810
678 679
678
678 810
678 762
678 810
679 810
679 810
680
681 749
681 749
682 917
682 865
683 803
683 803
683 779
683 803
683
683 803
683 803
683 803
683 779
684 831
684 729
684 831
684 928
684 831
684 686 729 811
684 692
684 848
684 692
684 831
684 831
684 831
685 811 878
685 878
685 728
685 878
685
686 811
686 811
686 850
686 811
686 850
686
687
687 879
687 865
687
687
687 688
688 857
688 857
688
689 780
689 780
689 712 877
689 794
689 719 780
690 805 872
690 805
690 805
690 872
690 872
691 732 770
691 770
691 731
691 731 770
691 732 770
691 799
691 731 770
691 770
693
693 699 800
693 694
693 800
694 956
695 800
695 841
696
696
697 779
699 800
699 860
699 860
699 860
700
700 739
700 739
700 889
700 739
701 740
701 740
701 860
701 740
701 740
702 781
702 781
702 781
702
702 781
702 781
702 781
703 761
703 761 774 781
703 761 774
704 812
704 812
704 812
704
704 812
704 812
704 882
705 762
705
705 876
705 783
706 814 875
706 814
706
707
707
707
708 782
709
710
710 887
710 887
710 887
710 887
710 887
710 785
712 877
712 877
712 783
712 783
712 877
714 868
714 868
714 846 868
715 870
715
716 741
717 843
717 718 843
717 866
718 915
718 818 915
718 843
718
718 915
718
718 733
718
719 780
719 730
719
719 922
720
720 746
720 746
720 746
720 786
720 746
720 746
721 873
721 873
722 943
722 943
722 851
722 851
722 851
723 779
723 767
723
723 751
723 779
723 767 779
723
723
724 753
724 930
724 930
724 752 753
724 752
724 753
724 752
724 753
724 930
724 753
724 753 930
725 897
725 897
725 897
725 847
725 847
725 897
725 897
725 847
725 848
725 847
726
728 920
728 920
728
729 756
729
729 900
729
729 900
729
730 780
730 922
731
731 770
731 770
731 770
732 888
732 770
732 770
732 888
732 888
732 888
732 770
732 770
732 888
732 888
732 770
732
733 915
733 843
733
733 915
734 737
734 737
735 870
735 870
736 772
736 815
736 815
736 772
736 737 858
736 772
736
736 737
736 815
737
738 789
738
738
738 871
738 804
739
740 742
740 872
740 872
740 872
740 860
740 872 906
740
740 906
740
741
741 906
742 962
747 846
747 846
747 846
747 748
747 817
747
747 788
749 817
749
750 808
750 808
750 808
750 808
750 808
750
750 808
750 808
750 808
750 808
751 977
752 767 779
752 767 779
752
752 779
752
754 852
754 852
754 852
754 852
754 852
754 852
754 852
756
756 900
757 840
758 772
758 772
758 859
758
759 805
759 805
759 805
759 805
760 805
761 832
761 832
761 781 832
761 833
761 833
761
761 833
761
761 832
761 781
761 833
761
761
761 833
762
762 786
762
762 786
762 786
762 786
762 786
762
762 786
763 783
764
764 961
764 871
764 961
765 823
766 826
766
766
766
766
767 779
767
767 779
767 779
767
769 848
769 848
770 840
771
774 833
774
774 833
774
774 833
775 797
775 910
777
777 788
777 788
777 788
777 788
777 787 788
777 788
777
777 788
777 788
777 788
777 788
778 959
779 803
779 803
779 803
781
781 832
783 853
783
783 853
783 853
784 876
786 975
787 788
787 796
788
789 893
789
790 858
791 820
791 820
791 820
791
791 833
791 820
791 833
791 820
791 820
791 820
791 820
791 820
793 877
794 884
795 855
797 941
797 862
798
798
799 888
801 859
801 859
801 859
801
802 809
804 848
804 848
804 848
805 872
805 872
805
806
806 809
807 825
807 873
810 935
810 935
810
810 827
811
811 878
811 878
811
812 832
812 832
812 882
812 833
812 832
812 832
812
812 832
812 832
812 832
813 908
814 875
814 823
814 823
814 875
814 875
814 837
814 837
814
815
816 869
817 883
817 883
818 915
818 915
819 884
819 884
819 884
821 876
821
821
821 876
821 876
821
822
822 846
822
822 846
823 958
823 834
823 834
824 874
825
826
826
827 856
827 856
829
829 830
831
831
831
831
832
833
834 915
835 924
836 845
840 868
841
842
842
842
843 915
845 875
845
846 868
846 868
849 875
849 875
850 884
850 884
852 869
852 869
852 869
853 934
853
854 867
855
855 866
857
857
858
859
859 914
859 914
860
861 889 893
861
861 893
862 896
866
866
866
867
870 872
873 925
875
876
877
877
878
878 900
879 913
879 913
879 913
882
884
884 953
885 902
887
889 893
894
895
897
903
925
926
30
30
22
29
31
30
26
30
33
27
34
28
23
32
30
28
35
31
24
28
32
26
28
28
26
34
20
30
25
27
26
33
29
29
30
24
27
24
28
22
24
36
23
25
28
27
27
28
33
29
26
22
23
23
22
25
24
29
23
22
27
29
26
33
30
25
27
25
31
27
25
28
30
23
24
25
23
30
26
27
26
23
29
25
25
29
30
25
24
28
29
27
23
23
28
26
25
34
25
24
22
24
34
26
27
29
23
24
24
28
29
39
33
26
23
33
29
30
25
26
34
30
27
25
23
28
30
21
30
31
26
30
29
25
24
26
26
31
26
23
30
23
25
21
25
23
22
26
22
23
28
29
23
27
26
20
20
22
22
25
24
24
21
29
23
24
28
22
22
28
26
25
29
25
25
28
25
24
28
30
24
25
24
21
29
21
23
27
28
22
28
23
24
24
24
22
22
24
28
22
27
22
24
21
26
24
24
25
21
22
24
21
22
23
29
20
24
24
23
22
28
22
32
22
30
26
24
26
25
21
24
24
30
22
24
23
31
22
28
27
24
24
29
24
22
26
23
32
26
23
23
28
32
23
25
26
23
26
25
22
24
24
24
22
21
25
27
23
24
24
26
25
23
23
26
24
24
22
26
22
26
22
26
23
25
22
23
24
24
29
23
24
25
28
25
27
23
26
21
21
23
24
27
22
23
26
24
24
22
29
22
28
26
26
23
24
27
23
20
23
30
26
26
22
27
24
23
21
24
24
24
26
22
23
25
26
25
22
25
23
25
23
23
21
20
22
26
22
24
21
24
25
26
26
25
24
26
21
21
20
22
23
23
28
21
22
30
22
23
27
23
24
23
34
21
22
24
23
24
23
24
26
22
22
23
21
20
23
23
23
26
22
24
25
24
25
23
24
22
25
21
22
25
23
26
22
23
22
29
21
23
24
25
24
22
23
22
25
21
26
21
22
26
22
20
22
20
23
21
21
27
20
23
25
21
26
21
22
22
23
21
27
22
22
20
24
22
23
25
20
22
25
23
23
22
25
22
27
23
23
24
23
25
25
24
26
23
20
29
24
25
21
23
22
23
26
24
22
20
22
28
23
21
21
22
22
23
22
25
23
23
22
23
28
24
21
21
22
24
23
21
20
23
24
27
23
24
21
22
22
23
27
25
27
21
22
21
21
21
22
24
21
23
25
23
25
23
22
25
20
21
24
22
22
25
22
22
20
24
24
22
26
24
20
20
22
21
26
20
22
22
22
20
22
21
22
26
23
22
23
23
26
21
23
21
20
20
22
20
20
20
21
24
21
23
24
22
21
20
24
24
21
23
20
22
27
21
23
23
20
21
23
20
20
24
22
20
25
24
22
21
22
23
20
21
23
22
20
21
22
22
23
25
22
23
20
20
21
21
21
20
23
23
21
21
23
22
20
22
24
23
22
23
25
21
24
21
23
20
24
24
23
20
22
20
22
21
21
22
24
23
21
20
21
22
21
21
23
21
21
20
21
21
23
23
23
22
23
22
20
22
21
21
24
21
22
21
25
21
21
20
20
23
21
23
24
23
21
21
20
21
22
21
20
20
23
20
20
21
21
20
22
21
21
22
22
23
20
20
23
20
21
21
21
20
20
20
22
21
21
22
22
23
20
22
21
21
23
23
20
22
23
22
21
20
21
20
22
21
22
22
21
20
20
21
20
22
20
21
20
20
22
20
20
20
24
21
22
20
21
24
22
20
24
20
24
22
20
21
20
22
21
21
24
20
20
22
21
20
20
22
20
20
21
20
22
20
22
21
21
22
20
20
20
22
20
21
22
21
20
20
21
20
20
21
22
20
20
20
21
21
23
21
21
22
21
20
21
20
20
23
22
20
20
20
21
20
20
20
20
23
22
21
20
21
20
20
4
20
20
22
21
20
20
22
21
20
20
20
21
21
21
21
20
20
6
21
22
21
21
21
20
1
20
20
22
8
20
13
20
21
21
20
10
22
20
20
20
21
6
3
15
20
20
21
20
7
9
21
8
4
11
13
9
10
4
13
20
4
12
2
7
22
12
3
6
5
6
8
1
2
6
7
3
20
8
11
3
4
2
2
9
4
1
3
7
1
3
1
2
1
1
1
2
2
1
1
1
1
2
1
3
2
1
1
1
2
1
3
2
3
1
3
2
1
1
2
1
2
1
4
1
1
2
1
2
1
2
1
2
1
1
1
1
1
2
1
1
2
2
1
1
1
1
1
1
1
2
