76 59
1 2 47
1 2 50
1 2 53
1 2 56
1 1 2 59
1
1
2 31
2 34
2
2
2
2
3 28
3 7 14 14 21 28
4 15 25 32
4 8 11 15 18 22 25 29 32
5 9 12 19 33
5 9 12 16 19 23 26 30 33
6 10 31
6 10 13 17 20 24 27 31 34
6
7 28
7 28
7 14 28
7
7 28
7 14 21 28
8 32
8 29
9 12 16 23 26 30
10 13 34
10 13 17 24 31 34
10
11 15 22 37
11 18 29
11 32
12
13 17 20 34
13 17 24 31
13 17 34
13
14
14
14
15 32
16 30 33
16
17 24 34
17 42
20 39
21
21 28
21
22 35
23 33
24
27 34
27
28
28
28
28
28
33
34
35 37
35 37
36 38
36
36 38
38
40 43
41 44
45 48 51 54 57
46 49 52 55 58
