805 534 10
1 15 20 149 218 530
1 111 183 273 485
1 4 435
1 420
1 84 181 186 215 378 459
1 296
2 31 55
2 499
2 241
2 501
2 28 37 135 269 442
2 499
2 274
2 55 96 183
2 96
3 28 129 356
3 294
3 379
3 99
3 54 55 97
3 243
3 356 437
4 32 159 168 221
4 27 38 415
4 8 9 101 141 142 232 359 389 516
4 5 136 184 305
5 27 38 144
5 32 43 135
5 21 32 135 419
5 6
5 6
5 6
6 244
6 401
6 305
6 245
7 102 141
7 15 16 101 213 214 392 438
7
7 102
7 248
7 425
7
8 143
8 9 103
8 9 444
8 143
8 103
9 104
9 103 104 141 142
10 137 374
10 11
10 480
10 138
10 247
10 11 141
10 11
10 389 513
10 362
10 232 375
11 103
11 213 214
11 138 140 281
12 234
12 105
12 18
12 18 382
12 234
12 19
12 35 284
12 105 106 107 354
13 18 45 56 234
13 382 451
13
13 18 19
13 35
13 14
13 14
13 185
13 14 45 78 163 254
13 88
14 19
14 19
14 36 151 185
14 18 164
15 17 34 45 150 162
15 16 392
15
15 91 255
16 251
16 17 105 148 441
16 45 47 78 185 263 340 359 383 414
17 255 256 529
17 253
17 19
17 110
17 252
17 110
20 112
20 111
20 367 411
20 112 410
21 22 26 41
21 22
21 127
21 23 24
21 22 23 198
22 125 126 129 207 477
22 306
22 387
22 198
22 82
22 23 41
22
23 373
23 24
23 24 41 82
24 373
24 124
24 124
24 267
24 198
25 531
25 26 76 166 174 175 204
25 166
25 267
25 387
25 512
25 471
25 492
25 76 125 174 306 427
26 471
26 456
26 166 268 440
26 82 339
27 211 239
27 240
27 94 99 238 273 325 356
27 182 516
27 241 341 395
27 211
28 54 271
28 54 55
28 518
28 274
28 270
29 98
29 30 405
29 54 272 379
29 66
29 275
29 31 293
29 68 69 197 199 383 436
29 30 31 507
29 30
30 533
30 90 162 163 164 185 213 416
30 293
31 275
31 276
32 38 136 423
32 221
32 168 497
32 168
33 453
33 364
33 93 380 457
33 146
33 37 73 74 75 144 145 152 191 283 314
34 163
34 56
34 150
34 45 56 162
34 56 147 217
35 56
35 287
35 484
35 286
35 354 453
35 486
35 164
35 288
35 287
36 37 151 289
36 37 152
36 78 152
36 77 145 146
37 505
37 151 413
38 450
38 53 396 406
39 49 50
39 50
39 153
39 48 49 153 445
39 48 49
39 154
39 50
39 203
40 157
40 157
40 156 165 207
40 156 165
40 488
41 158 205 226
41 51 76 82 158 176
42 58
42 167 187
42 59
42 187
42 59
42 52 58 176 231 466
42 58 59 229 238 447
42 515
43 44 212 302
43 290
43 106 218
43 304
43 145 216 218 295 505
43 461
43 303
44 160
44 212 228 312 452
44 161
44 160 228 311 374
44 301
44 304 452
46 318 469
46 117
46 317
46 63
46 50 80 86 114 115 153 173 258
46 315
46 470
46 86
47 114 500
47 114
47 260
47 291
47 350
47 60 167 170 259 525
47 112 188 236 257
48 155
48 378 527
48 154
48 180 181 182 227
48 49 153 527
49 60 61 208 219 220 222 236 403
50 154 155
50 203 207 488
51 116 178 179 225 230 385
51 52
51 58 521
51 515
51 178
51 187
52 458
52 177
52 176
52 177
53
53 395 517
53 358
53 94 182
53 308
53 98 99
54 398
55 97 183
57 186 327
57 186 473
57 319
57 186 520
57 171
57 64 91 190 202 430
58 59 158
59 187
60 61 62
60 210 393
60 525
60 61 180
60 72 111 409
60 448
61 394
61 208
61 62
62 209
62 510
62 181 227
62 208
63 186 235
63 446
63 514
63 188
63 327
63 188
63 84
63 86
63 86
64 65 91 159 212 228 417
64 189 201 336 338
64 65
64 65 91 189
65 189
65 68 91 195 197 200 333 351 509
65 70
66 90
66 353
66 197
66 472
66 196 493
66 196
66 68 93 463
66 195
66 351
67 69
67 427
67 397
67 340
67 69 435
67 70 200
68 427
68 199
69 200
69 70
69 70 435
69 70
71 191 192 194 233
71 217
71 344 345 436
71 343
71 432
71 314 338
71 190
72 74 233 337 490
72 334
72 74 75 314
72 73 357
72 144 146 233
73 192
73 74 349
73 75
73 431
74 75
75 192
75 192
76 175 226 322 339
76 331
77 364
77 283 526
77 526
77 407
77 381 523
77 528
78 164
78 106 218
79 494
79 475
79 220 366
79 365 496
79 368 376
80 370
80 223 487
80 371
80 81 475
80 81
80 369
80 530
81 371
81 223
81 372
81 487
82 373
83 85
83 327 493
83 84 151 402
83 85
83 84
84 85
84 85
85 514
86 377
86 89 115 224 225 315 412
87 231 466
87 386
87 385
87 448
87 478
87 231
87 174 177 322 458
87 482
88 253 254
88 382
88 234
88 451
89 178 386
89 229
89 179
89 229 421
89 448
90 506
90 519
90 472
92 258
92 370 459
92 460
92 291
92 113
92 371 465
92 257 355
93 462
93 347 348
93 433
94 294
94 310
94 243
94 307 309
94 95 442
95 237
95 332
95 342
95 358
95 341
95 326
96 242
96 495
97 242 276
97 131
97 98
98 353 404
99 379
100 247
100 136
100 136 245
100 246
101 142 232 248 522
101 214 215 428
101 143
102 248
102 522
104 399
104 399
104 417
104 426
105 106 285
106 249
107 108 400
107 250
107 109
107 108
107 109
107 400
108 148 431
108 109
108 148
109 149
110 254 529
110 253
111
112 113 481
113 257
113 219
113
113 258
114 259
115 173 260 500
115 261
116 118 173 265 429
116 262
116 117 263
116 118 350
116 119
117 121 123
117 121 264
117 122 123
118 120 263
118 119 120
119 120
119 264 350
120 264
120 121
121 122
122 446
122 420
122 123 429
122 411
122 318
123 265
124 267
124 492
125 126
125 387
126 225 478
126 127
126 127
127 512
128 166
128 412
128 268
128 401
128 402
128 440
129 269
129 270
130 424
130 241 273
130 501
130 274
131 533
131 277
131 413
131 132
131 132 414
131 424
131 134
132 406
132 133 134
133 277
133 276 479
133 406
133 134
133 479
134 277
135 444
136 139
136 138 244 246
136 247
137 278
137 140 279 441
137 139
137 480
138 139
139 140 374
140 278
142 143
143 232
144 418
145 147
146 523
147 148 284
147 407
147 364
148 149
148 249
149 250 354
150 486
150 286
152 289
154 155
155 156 157 464
155 292
156 292
156 203 485
157 292
157 165 454
158 167 521
159 489
159 300
159 301
160 502
160 467
161 212
161 311
161 228
162 163
165 419
165 409
167
168 497
168 297 298
169 377
169 224
169 481
169 315
169 170 235
169 224 469
170 188
170 476
170 321 391
171 172 319
171 321
171 172
171
172 320
172 481
173 262
174 175
175 204 434
176 177 324 483
177 231
178 179
179 180 230
180 323
181
182 326
182 325
183 242
184 348 519
184 297 502
184 352
184 299
184 300 508
184 195
184 295 296
189 333
190 334 363
190 201
190 333
190 201 344
191 194 335
191 193
191 192
192 193
193 498
193 335
194 336 490
194 337
195 388
196 503
196 352 503
197 534
198
199 340
199 200 383
201 343
202 346 532
202 347
202 206 509
202 206
203 353 491
204 328 339
204 330
205 454
205 531
205
205 449
206 347
206 397
207 223 236 455
208 209 510
209 210
209 227 483
210 227
210 323
211 332
211 443
211 237
213 359
214 361
214 215
214 375
214 360
215 360
216
216 390
216 363 468
216 217 450
216 217 457
219 220
219 365 464
220 463
221 295
221 426
222 223 376
222 223
222 236
224 316 377
225 229 230
226 449
226 448
230 384
233 336
235 321
235 391
235 320
237 422
237 239
238 443
239 240
240 398
242 495
243 356
244 305
245 246
249 285
250 397
251 252
251 256 392
252 255 524
252 256
259 260
261
261 262
265 266 410
266 429
266 403
268 456
269 270
271 518
271 272
272 507
275 293
278 282 430
278 279
279 280
280 405
280 281
281 282
282 405
283 380
283 528
283 381
284 408
285 408
286 484
287 288 418
288 404
289 290 511
290 511
291 355
294 307
296 297
298 299 302
298 508
299 300
301 489
302 303 467
303 304 461
306
307 308 437
308 309
309 310 423
310 415
311 312
311 313
311 438
312 313 425
313 416
314 390
316 318
316 317
316 455
317 470
319 520
319 320
322 329
322 328
323 393
323 324
324 477
325 326
328 329
329 330
330 331 434
331 428
331 421
332 342
334 338 390
334 474
335 337 498
341 342
343 344 439
345 433
345 439
346 462
346
348 532
349 357
349
349 432
351 352 506
355 445
355 460
357 468
358 395 396
360 361
361 362 375
362 513
363 474
365 369 494
366 367
366 465
367 368
367 369 504
368 504
370 372
372 445
372 447
376 496
378 473
380 381
383
384 385
384 482
385 386
388
388 491
389 422
391 476
391 473
392 524
393 394
394 477
396 517
397 398 399 400 401 402 403 404 405 406 407 408 409 410 411 412 413 414 415 416 417 418 419 420 421 422 423 424 425 426 427 428 429 430 431 432 433 434 435 436 437 438 439 440 441 442 443 444 445 446 447 448 449 450 451 452 453 454 455 456 457 458 459 460 461 462 463 464 465 466 467 468 469 470 471 472 473 474 475 476 477 478 479 480 481 482 483 484 485 486 487 488 489 490 491 492 493 494 495 496 497 498 499 500 501 502 503 504 505 506 507 508 509 510 511 512 513 514 515 516 517 518 519 520 521 522 523 524 525 526 527 528 529 530 531 532 533 534
534
2
14
11
1
4
5
5
2
2
8
7
5
9
9
2
1
4
1
1
1
2
9
4
6
11
10
9
5
6
6
3
5
1
2
20
2
3
1
4
1
1
5
4
4
1
6
7
3
1
8
9
4
3
1
1
1
8
1
1
5
2
5
13
1
2
14
2
1
6
1
3
2
2
1
2
1
4
1
1
6
3
8
1
4
1
3
10
2
6
1
1
3
2
4
10
1
2
3
1
1
2
1
1
5
1
3
4
2
1
1
1
4
3
1
2
6
2
1
2
4
1
6
1
1
1
3
1
7
1
1
6
1
10
1
1
5
2
1
1
1
1
1
4
1
2
1
2
4
1
1
1
1
1
1
4
2
2
1
3
1
2
1
1
1
10
1
1
2
3
2
3
1
1
1
1
1
4
1
1
2
1
2
1
7
1
2
1
1
1
10
2
6
1
3
1
5
1
1
1
1
1
3
1
1
2
1
1
1
1
3
2
1
1
4
1
5
1
1
1
1
1
1
3
1
1
1
1
1
1
1
2
1
1
1
4
1
2
1
1
1
1
3
1
1
1
1
2
1
1
1
1
2
1
1
1
1
1
1
1
1
1
1
1
1
1
1
1
2
1
1
1
2
1
1
1
1
1
2
1
1
1
1
3
1
2
1
2
2
2
1
1
1
1
1
1
1
1
1
1
1
1
1
1
3
1
1
2
1
1
1
3
1
1
1
1
2
1
1
2
1
1
2
5
2
1
1
1
1
1
1
2
2
1
3
1
1
1
1
1
1
1
1
1
1
1
1
1
1
5
1
1
1
1
1
2
1
1
1
1
1
1
1
1
1
1
1
4
1
1
2
1
3
1
1
1
1
1
2
1
1
1
1
1
1
4
1
1
1
1
1
2
1
1
1
1
1
2
1
1
1
1
1
1
1
2
2
1
1
1
1
1
1
1
1
1
1
1
1
1
1
1
1
1
1
1
1
2
1
2
1
1
1
1
1
2
1
1
1
1
1
1
1
1
1
2
1
1
3
2
1
1
1
1
1
1
1
1
1
1
1
1
1
1
1
1
1
1
1
1
1
1
1
2
1
1
1
2
1
1
1
2
1
1
1
1
1
1
1
1
1
1
1
1
1
1
1
2
1
1
1
1
1
1
1
1
1
1
1
1
1
1
1
2
1
1
1
1
1
1
1
1
1
1
1
1
1
1
1
1
1
1
1
1
1
