495 49 10
1 10
1 7 21 27 28 44
1 13
1 25
1 10 28
1 40
1 10 25
1 21 43
1 10
1 10 15 41
1 25
1 25
1 9 10 23
1
1 4 43
1 30 31 35 49
1 36
1 7 9 18 23 25 30 47
1 22 26 37 38
1 2 3 4 5 6 7 8 9 10 11 12 13 14 15 16 17 18 19 20 21 22 23 24 25 26 27 28 29 30 31 32 33 34 35 36 37 38 39 40 41 43
1 10
1 31
1 24 27
1 28
1 10 28
2 15
2
2 3 13 15 41 45
2 45
2
2 41
2 41
2 15
2 13
2 41
2 13
2 15
2 45
2 41 45
2 41
2 4 13
2 15
2
2 41
2 3
2 14 16 35
3 41 45
3 15 45
3 45
3
3 45
3 45
3 41
3 45
3 42
3 14 45
3 15 45
3 45
3 45
3 15 45
3 45
4 13 15
4 5 6 7 42
4 16 23
4 16
4 45
4 7 42
4 42
4 39
4 16 43
4
4 16
4
4 13 16 17
4 13 16
5 7 9 39
5 16 23
5 6 42
5
5 23
5 7
5 7 9 14 18 35
5 23
5 23
5
5 23
5 6
5
5 23
5 34
5
5 7 23
5 23
5 23
6 7
6 16
6 16
6 7
6 7
6 16 23 29 39
6 42
6 42
6 42
6 7
6
7 42
7 42
7 42
7 42
7 42
7 42
7
7 42
7 42
7 42
7 42
8 39
8 17 35
8 9
8 39
8 19
8 18
8 9 19
8 9 18 23 46
8 9 19
8 19 23 48
8 9
8 39
8 9
8 42
8 39
8 9 18 39
8
9 39
9
9 17 18 19 29 33 46
9 19
9 39
9 28 37
9 39
9 18
9 39
9 39
9 19 35
9
9
9 16 18 23 33
9
9 39
9 35
9 39
10
10
10 21
10 20
10 24
10 21 25 33
10 38
10 21 43
10 24
10 36
10 20 25 28 40
10 11 16
10 21
10 20 21 36 40
11 44
11 34
11
11
11 12 22 43
11 34
11 34
11 38
11 31
11 12
11 30
11 38
11 12
11 12 26 34
11
11 12 22 34
11 14 43
11 43
11 34
11 43
11
11 38
11 22 44
12 38
12 44
12 44
12 26 34 39 44
12 44
12 44
12 43
12 44
12 44
12
12 39
12 34 44
12
12 44
13 41
13 39
13
13 15
13 45
13 15 45
13 35
13 40
13
13 35
13 33
13 35
13 22 34
13 15
14 30 47
14 32 35
14
14
14 15 41
14 42
14
14 15 42
14 42
14 35
14 15
14 15
14
14 15
14 15
14 35
14 35
15 43
15 42 45
15 21 26 44
15
15
15 45
15 41
15 41
15 45
15 45
16 43
16
16 23
16 31 43
16 43
16 43
16 43
16 43
16 23
16 43
16
17 35
17 43
17 18 19 35
17 46
17 23
17 35
17 18
17
17 43
17 33
17 35
17 33 46
18 19
18 33
18
18 23
18 19 35
18 19
18
18
19 23
19 35
19 23
19 35
19 23
19 23
19 35
19 35
19 35
19 33
19 35
19
20 40
20 21
20 43
20 40
20 21 24 25 28 36
20 40
20 40
20 21 44
20 21
20 21
20 36
20 21
20 40
20 21 43
20
20 40
20 21 43
21 43
21 25 26
21 44
21 22 24 25
21 40
21 40
21 43
21
21 40 44
21 43
21 36
21 43
21 44
22
22 26
22 38
22 26 38
22 26 34
22
22 25 38
22 26
22
22
23 48
23 48
23 31
23 31
23
23 48
24 37
24 37
24 27
24 27 44
24 37
24 25 28 37 38
24
24 44
24 28 37
24 28
24
24 40 43
24 28
24 37
24 44
24
24 28 37
24 44
24 37
24 28
24 27
24 39
24 37
25
25
25
25 38
25 38
25 38
25 37
25 38
26 37
26 38
26 38
26 37
26 34
26 44
26 34
26 38
26 38
26 34
26 38
26 34
26 38
26 34
26 38
26 43
26 38
26 34 38
26
27 44
27
27
27 29 31 32 39
27
27 30
27
27 37
27
27 30
27 37
27 30
27 44
27 30 31
27 44
27 37
27 42
28 37
28
28 44
28 37
28 37
28 37
28 37
29
29 33 46
29 31
29 33
29 33
29 39
29 30 31 39
29 32
29 46
29 32 33 46
29 33 46
29 33
29 32 33
30 31 35
30 47
30 35
30 31
30 31 35
30 31
30 47
30 36
30 35
30
30
30 31
30 43
31 35
31
31 35
31 35
31
31 35
31 35
31 43
32 33
32
32 33
32 35
32 33
32 33
33 46
33
33 46
33
34 37
34 44
34 38
34
34 37
34
34 37
35
35
35
35 49
36 40
36
36
36 40
36
36 40
36 40
36 40
36
36 40
37 38
37 38
37 38
38 43 44
38
38
38 44
39 44
39 44
39
40
40 44
41 45
41 45
41 45
41 42
41
43 44
43 44
43
43
43
43 44
47
29
24
21
23
27
24
23
21
25
28
26
24
27
25
22
25
24
23
24
24
22
23
24
25
24
23
27
21
23
23
24
22
22
21
23
26
21
22
22
22
22
20
22
17
15
3
2
2
1
