1087 3556 10
1 2068 2080 2084 2085 2086 3527
1 1600 1636 1637 1638 1639 3065 3094 3095 3096 3097 3550
1 1675 1676 1677 1678 1679 3540
1 715 760 764 765 766 3554
1 170 213 214 215 216 217 218 219 222 226 227 228 1049 1096 1100 1101 1102 1116 1117 1118 1119 3422 3437 3441 3442 3443 3532
1 1912 1924 1928 1929 1930 3552
1 2682 2683 2690 2691 2713 2714 2715 2716 3553
1 320 385 389 390 391 392 393 484 506 507 508 509 510 511 512 3518
1 2 80 84 85 86 87 88 243 286 287 288 289 3286 3287 3291 3292 3293 3514
1 2380 2413 2417 2418 2419 3539
1 3488 3489 3490 3491 3492 3528
1 1600 1622 1623 1624 1625 3547
1 964 1011 1015 1016 1017 1020 1021 1675 1676 1680 1681 1682 1685 1686 1687 1688 1689 1690 1691 1738 1742 1743 1744 2609 2645 2646 2647 2648 3515
1 3286 3340 3341 3342 3343 3548
1 2 47 54 55 80 84 85 86 634 656 657 658 659 715 760 761 762 763 1752 1764 1765 1766 1767 1778 1779 1780 1781 3513
1 1286 1333 1334 1335 1336 1342 1349 1350 2682 2683 2687 2688 2689 2738 2739 2740 2741 3522
1 802 867 868 869 870 3286 3301 3305 3306 3307 3541
1 715 791 798 799 802 845 846 847 848 1205 1263 1264 1265 1266 1267 1268 1269 1272 1273 1274 1275 3516
1 2915 2937 2941 2942 2943 3533
1 2 69 76 77 80 84 85 86 484 506 507 508 509 1600 1622 1623 1624 1625 2068 2080 2081 2082 2083 2094 2098 2099 2100 2153 2189 2190 2191 2192 2193 2194 2195 3361 3401 3405 3406 3407 3520
1 2 3 10 11 47 54 55 56 57 58 65 66 67 68 69 76 77 78 79 80 87 88 89 90 91 134 141 142 143 144 145 152 153 154 155 170 213 220 221 243 286 293 294 295 302 303 304 305 320 363 370 371 372 373 374 381 382 383 384 385 392 393 394 395 396 403 404 405 448 455 456 457 458 459 466 467 468 469 484 527 534 535 536 537 538 545 546 561 604 611 612 634 677 684 685 686 687 688 695 696 697 698 699 706 707 715 716 723 724 760 767 768 769 776 777 778 779 780 787 788 789 790 791 798 799 800 801 802 845 852 853 854 855 856 863 864 865 866 867 874 875 876 883 884 885 928 935 936 937 938 939 946 947 948 949 964 965 972 973 974 975 1011 1018 1019 1020 1021 1022 1029 1030 1031 1032 1033 1040 1041 1049 1050 1057 1058 1059 1060 1096 1103 1104 1105 1106 1107 1114 1115 1130 1173 1180 1181 1182 1183 1205 1206 1213 1214 1215 1216 1252 1259 1260 1261 1262 1263 1270 1271 1286 1287 1294 1295 1296 1297 1333 1340 1341 1342 1349 1350 1365 1366 1373 1374 1410 1417 1418 1419 1420 1442 1443 1450 1451 1452 1453 1489 1496 1497 1498 1499 1521 1522 1529 1530 1531 1532 1568 1575 1576 1577 1578 1600 1643 1650 1651 1652 1653 1675 1676 1683 1684 1720 1727 1728 1729 1730 1752 1753 1760 1761 1762 1763 1799 1806 1807 1808 1809 1831 1832 1839 1840 1841 1842 1878 1885 1886 1887 1888 1889 1896 1897 1912 1913 1920 1921 1922 1923 1959 1966 1967 1968 1969 1991 1992 1999 2000 2036 2043 2044 2045 2046 2068 2069 2076 2077 2078 2079 2115 2122 2123 2124 2125 2126 2133 2134 2135 2136 2137 2144 2145 2153 2196 2203 2204 2226 2227 2234 2235 2271 2278 2279 2280 2281 2303 2304 2311 2312 2348 2355 2356 2357 2358 2380 2381 2388 2389 2390 2391 2427 2434 2435 2436 2437 2459 2502 2509 2510 2511 2512 2534 2535 2542 2543 2579 2586 2587 2609 2652 2659 2660 2682 2683 2690 2691 2727 2734 2735 2736 2737 2759 2760 2767 2768 2769 2770 2806 2813 2814 2815 2816 2817 2824 2825 2826 2827 2842 2885 2892 2893 2915 2958 2965 2966 2967 2968 2990 3033 3040 3041 3042 3043 3065 3108 3115 3116 3117 3118 3140 3183 3190 3191 3192 3193 3286 3329 3336 3337 3338 3339 3556
1 634 656 660 661 662 3545
1 1130 1145 1146 1147 1148 3544
1 1049 1050 1051 1052 1053 1054 1055 1056 1096 1097 1098 1099 1130 1138 1142 1143 1144 1198 1202 1203 1204 3140 3141 3142 3143 3144 3543
1 634 663 664 665 666 677 678 679 680 3555
1 2609 2645 2646 2647 2648 2915 2923 2924 2925 2926 2983 2987 2988 2989 3534
1 634 688 697 698 1205 1279 1280 1281 1282 1365 1382 1383 1384 1385 1396 1400 1401 1402 1752 1764 1765 1766 1767 1799 1800 1801 1802 1824 1828 1829 1830 2534 2558 2559 2560 2561 3512
1 802 838 839 840 841 3535
1 1521 1547 1551 1552 1553 3546
1 802 838 842 843 844 3549
1 964 965 969 970 971 972 973 3517
1 320 363 364 365 366 367 368 369 374 375 376 377 3526
1 2609 2638 2642 2643 2644 3551
1 2068 2069 2078 2079 2115 2116 2117 2118 2226 2271 2272 2273 2274 2380 2406 2407 2408 2409 2459 2474 2475 2476 2477 2990 3058 3059 3060 3061 3519
1 320 321 325 326 327 363 364 365 366 374 375 376 377 3525
1 2153 2182 2186 2187 2188 2842 2885 2886 2887 2888 3538
1 1286 1333 1334 1335 1336 2682 2727 2731 2732 2733 3523
1 1049 1107 1108 1109 1110 1116 1117 1118 1119 3529
1 2303 2348 2355 2356 3536
1 1600 1629 1630 1631 1632 3361 3394 3395 3396 3397 3524
1 2153 2182 2186 2187 2188 2842 2885 2886 2887 2888 3537
1 2459 2460 2461 2462 2463 3531
1 2534 2558 2559 2560 2561 2562 2563 2564 3509
1 3286 3329 3336 3337 3340 3344 3345 3346 3347 3348 3349 3350 3511
1 2303 2334 2335 2336 2337 2338 2339 2340 2380 2427 2428 2429 2430 3510
1 634 656 657 658 659 708 712 713 714 1365 1366 1367 1368 1369 1389 1393 1394 1395 1396 1397 1398 1399 1410 1411 1412 1413 3530
1 243 295 299 300 301 304 305 3521
1 1675 1685 1689 1690 1691 1720 1724 1725 1726 1738 1742 1743 1744 3542
2 3 10 11 2303 2341 2342 2343 2344 2380 2438 2439 2440 2441 2682 2720 2724 2725 2726 3504 3505 3506 3507 3508
2 58 62 63 64 69 70 71 72
2 47 54 55 2759 2785 2786 2787 2788
2 80 81 82 83 89 90 715 780 781 782 783
2 69 76 77 3065 3066 3070 3071 3072 3119 3120 3121 3122
2 3 7 8 9 1912 1945 1946 1947 1948 1949 1950 1951
2 58 62 63 64 1831 1905 1909 1910 1911 2068 2101 2102 2103 2104
2 47 56 57 715 753 757 758 759
2 12 13 14 15 58 62 63 64 715 791 792 793 794 2153 2205 2206 2207 2208
2 58 59 60 61 715 791 792 793 794 2153 2205 2206 2207 2208
2 33 34 35 36 1675 1692 1696 1697 1698 1699 1700 1701 1702 1706 1710 1711 1712 1991 2008 2012 2013 2014 2015 2016 2017 2018 2842 2878 2879 2880 2881 2915 2923 2924 2925 2926 2983 2987 2988 2989
2 26 27 28 29 33 34 35 36 40 44 45 46 1912 1931 1935 1936 1937 1945 1946 1947 1948
2 26 30 31 32 33 37 38 39 2153 2205 2206 2207 2208
2 47 56 57 58 67 68 69 73 74 75 80 81 82 83 715 791 792 793 794
2 26 30 31 32 58 65 66 484 513 517 518 519 634 642 643 644 645 663 667 668 669 1365 1396 1397 1398 1399 1752 1764 1768 1769 1770 1912 1959 1960 1961 1962 2303 2334 2335 2336 2337 3488 3489 3490 3491 3492
2 58 65 66 964 1004 1005 1006 1007 1022 1023 1024 1025
2 26 27 28 29 33 34 35 36 58 67 68 715 780 784 785 786 1912 1938 1939 1940 1941
2 3 10 11 80 87 88 2380 2427 2428 2429 2430 2431 2432 2433
2 19 20 21 22 1912 1945 1949 1950 1951
2 69 78 79 1600 1661 1665 1666 1667 1668 1669 1670 1671 3286 3347 3348 3349 3350
2 69 78 79 80 84 85 86 715 760 764 765 766 1130 1138 1139 1140 1141 3140 3141 3145 3146 3147
3 7 8 9 12 13 14 15 58 59 60 61
3 4 5 6 47 48 49 50
3 7 8 9 47 48 49 50 51 52 53
3 4 5 6 12 16 17 18
12 16 17 18 19 20 21 22
12 16 17 18 26 27 28 29 30 31 32
12 16 17 18 19 20 21 22 26 27 28 29
19 23 24 25 33 34 35 36
19 20 21 22 23 24 25 40 41 42 43
33 37 38 39 40 41 42 43
40 41 42 43 44 45 46
47 51 52 53 58 59 60 61
58 59 60 61 62 63 64
69 70 71 72 73 74 75
80 84 85 86 89 90
91 120 124 125 126 1130 1131 1135 1136 1137 1184 1185 1186 1187 1198 1199 1200 1201
91 127 128 129 130 131 132 133 3422 3448 3449 3450 3451
91 127 131 132 133 134 141 142 243 286 287 288 289 964 965 969 970 971 1011 1012 1013 1014
91 99 100 101 102 106 107 108 109 3140 3194 3195 3196 3197
91 106 110 111 112 113 114 115 116 156 160 161 162 163 167 168 169 1130 1138 1139 1140 1141 1198 1202 1203 1204
91 134 143 144 170 178 179 180 181 206 207 208 209
91 113 117 118 119 1130 1138 1139 1140 1141
91 92 96 97 98 106 110 111 112 156 157 158 159 1130 1173 1174 1175 1176 1198 1202 1203 1204
91 92 96 97 98 134 138 139 140 145 146 147 148
91 127 128 129 130 163 164 165 166 3140 3201 3202 3203 3204 3208 3212 3213 3214
91 92 93 94 95 3140 3141 3145 3146 3147 3183 3184 3185 3186
91 127 128 129 130 964 1011 1012 1013 1014
91 127 131 132 133 964 965 966 967 968
91 99 100 101 102 134 135 136 137 145 149 150 151
91 127 131 132 133 170 178 179 180 181 222 223 224 225 964 965 966 967 968 1011 1012 1013 1014 1015 1016 1017 1130 1159 1160 1161 1162 3140 3141 3145 3146 3147 3201 3202 3203 3204 3422 3437 3441 3442 3443
91 145 149 150 151 3140 3183 3187 3188 3189 3194 3195 3196 3197
91 145 152 153 3140 3194 3198 3199 3200
91 134 141 142 3422 3430 3434 3435 3436
91 134 135 136 137 143 144 1049 1096 1097 1098 1099 1107 1111 1112 1113 1205 1263 1267 1268 1269 2682 2752 2756 2757 2758
91 92 93 94 95 163 164 165 166 3140 3201 3205 3206 3207 3422 3423 3427 3428 3429 3448 3452 3453 3454
91 99 103 104 105 145 146 147 148 156 160 161 162
92 93 94 95 134 135 136 137
99 100 101 102 163 167 168 169
99 100 101 102 103 104 105
106 107 108 109 110 111 112
106 110 111 112 113 114 115 116
113 114 115 116 145 154 155
113 114 115 116 117 118 119
113 117 118 119 120 121 122 123 124 125 126
120 121 122 123 124 125 126 145 154 155
134 135 136 137 145 152 153
134 135 136 137 138 139 140
156 157 158 159 160 161 162
170 206 207 208 209 3422 3462 3463 3464 3465
170 206 210 211 212 3140 3162 3163 3164 3165
170 206 210 211 212 3140 3169 3173 3174 3175 3422 3437 3438 3439 3440
170 229 233 234 235 3422 3437 3441 3442 3443
170 178 179 180 181 236 240 241 242 3422 3430 3434 3435 3436
170 199 200 201 202 213 220 221 3422 3469 3473 3474 3475
170 213 217 218 219 220 221 3422 3437 3441 3442 3443
170 222 223 224 225 3215 3251 3252 3253 3254
170 222 223 224 225 1130 1145 1146 1147 1148 1191 1195 1196 1197 3422 3462 3466 3467 3468 3469 3470 3471 3472
170 171 172 173 174 213 214 215 216 3422 3444 3445 3446 3447
170 171 172 173 174 213 214 215 216 217 218 219
170 178 179 180 181 1130 1145 1146 1147 1148 1149 1150 1151 1152 1153 1154 1155 3422 3462 3466 3467 3468
170 206 207 208 209 1130 1152 1156 1157 1158 1159 1163 1164 1165 3422 3423 3424 3425 3426
170 192 196 197 198 199 203 204 205 3422 3430 3431 3432 3433
171 172 173 174 175 176 177
171 175 176 177 185 186 187 188 222 226 227 228
171 172 173 174 185 186 187 188 213 214 215 216
178 182 183 184 185 186 187 188 189 190 191
178 182 183 184 229 230 231 232 233 234 235
185 189 190 191 192 193 194 195
185 186 187 188 189 190 191
192 196 197 198 199 200 201 202
192 193 194 195 236 237 238 239 240 241 242
192 193 194 195 196 197 198
199 203 204 205 229 233 234 235 236 237 238 239
206 207 208 209 210 211 212
213 214 215 216 217 218 219 222 223 224 225
222 226 227 228 229 230 231 232
243 286 293 294 964 1011 1012 1013 1014 1130 1145 1149 1150 1151
243 265 269 270 271 279 283 284 285 295 302 303 964 965 969 970 971 1205 1206 1210 1211 1212 1252 1253 1254 1255
243 251 255 256 257 258 262 263 264 265 269 270 271 313 317 318 319 3215 3230 3231 3232 3233 3279 3283 3284 3285
243 272 276 277 278 484 485 486 487 488 3215 3223 3227 3228 3229
243 251 252 253 254 255 256 257 286 287 288 289 290 291 292 1205 1245 1249 1250 1251
243 244 248 249 250 286 290 291 292 1205 1206 1210 1211 1212 1263 1267 1268 1269 1272 1273 1274 1275 1752 1799 1800 1801 1802
243 286 290 291 292 964 965 969 970 971 1011 1012 1013 1014 1205 1272 1273 1274 1275 1286 1319 1320 1321 1322
243 295 302 303 3422 3430 3431 3432 3433 3434 3435 3436
243 295 296 297 298 299 300 301 313 314 315 316
243 286 287 288 289 293 294 320 385 389 390 391 405 420 421 422 423 434 435 436 437 448 449 450 451 459 460 461 462 484 513 517 518 519 3215 3237 3241 3242 3243 3244 3245 3246 3247
243 286 290 291 292 295 296 297 298 306 307 308 309 1205 1272 1273 1274 1275
243 295 304 305 2990 3019 3020 3021 3022
243 286 287 288 289 1205 1231 1235 1236 1237 1263 1264 1265 1266 1272 1276 1277 1278 3286 3329 3330 3331 3332
244 245 246 247 248 249 250 295 296 297 298 299 300 301 306 307 308 309 310 311 312
244 248 249 250 295 296 297 298
244 245 246 247 286 290 291 292
251 252 253 254 295 296 297 298 306 307 308 309
251 255 256 257 258 259 260 261 265 266 267 268 269 270 271 279 283 284 285
251 252 253 254 313 317 318 319
258 262 263 264 265 266 267 268
258 259 260 261 306 307 308 309 310 311 312
258 259 260 261 262 263 264
265 266 267 268 269 270 271
265 266 267 268 272 273 274 275
272 273 274 275 276 277 278 279 280 281 282
272 273 274 275 276 277 278
279 280 281 282 283 284 285
306 310 311 312 313 314 315 316
313 314 315 316 317 318 319
320 363 364 365 366 374 381 382 385 389 390 391 484 506 510 511 512 513 514 515 516 634 642 643 644 645 656 657 658 659 2990 3051 3055 3056 3057
320 321 322 323 324 363 367 368 369 385 386 387 388
320 328 329 330 331 342 346 347 348 385 394 395 1752 1817 1818 1819 1820 1824 1825 1826 1827
320 342 346 347 348 1752 1753 1754 1755 1756 1757 1758 1759 1799 1800 1801 1802 1817 1818 1819 1820
320 349 350 351 352 1205 1245 1246 1247 1248 1752 1810 1811 1812 1813
320 363 372 373 385 386 387 388 389 390 391 405 420 421 422 423 3215 3244 3245 3246 3247 3248 3249 3250
320 335 336 337 338 342 346 347 348 349 350 351 352 484 520 521 522 523 1752 1810 1814 1815 1816 1824 1825 1826 1827
320 321 322 323 324 374 378 379 380 405 434 435 436 437
320 342 343 344 345 1752 1817 1818 1819 1820
320 374 383 384 484 513 514 515 516 634 663 667 668 669 1049 1068 1069 1070 1071 1365 1382 1386 1387 1388 1389 1390 1391 1392 1393 1394 1395 2682 2706 2707 2708 2709 2710 2711 2712
320 396 403 404 1752 1817 1821 1822 1823
320 356 360 361 362 1752 1799 1800 1801 1802 1817 1821 1822 1823
320 363 364 365 366 370 371 374 375 376 377
320 356 360 361 362 396 403 404 1752 1799 1803 1804 1805
320 385 392 393 2609 2610 2611 2612 2613 2652 2656 2657 2658
320 342 343 344 345 1752 1824 1825 1826 1827
321 322 323 324 374 375 376 377 378 379 380
321 322 323 324 325 326 327
321 322 323 324 363 364 365 366 367 368 369
328 332 333 334 335 336 337 338 396 397 398 399
328 329 330 331 396 400 401 402
328 329 330 331 332 333 334 363 370 371
328 332 333 334 374 383 384
335 339 340 341 342 343 344 345
335 336 337 338 339 340 341
342 343 344 345 346 347 348
342 346 347 348 349 353 354 355 385 394 395
349 353 354 355 356 357 358 359 360 361 362
349 353 354 355 356 357 358 359
363 372 373 374 378 379 380
374 381 382 396 397 398 399 400 401 402
374 378 379 380 385 386 387 388
405 448 449 450 451 452 453 454
405 434 435 436 437 484 485 489 490 491 527 528 529 530 538 542 543 544
405 413 417 418 419 3215 3244 3245 3246 3247
405 413 417 418 419 477 478 479 480 3215 3244 3248 3249 3250
405 448 457 458 1205 1238 1242 1243 1244 1752 1817 1818 1819 1820 1824 1825 1826 1827 2226 2271 2272 2273 2274 2275 2276 2277 2990 3058 3059 3060 3061
405 406 407 408 409 434 438 439 440 3215 3216 3217 3218 3219 3272 3273 3274 3275 3279 3283 3284 3285
405 441 445 446 447 484 538 542 543 544
405 441 442 443 444 484 485 489 490 491 499 503 504 505 506 510 511 512 513 514 515 516 538 539 540 541 542 543 544
405 459 466 467 1205 1272 1276 1277 1278
405 459 468 469 1205 1263 1267 1268 1269
405 441 445 446 447 484 485 489 490 491 538 539 540 541
406 410 411 412 448 449 450 451 452 453 454 459 460 461 462 470 474 475 476
406 407 408 409 448 452 453 454
406 410 411 412 459 460 461 462
406 410 411 412 448 449 450 451 459 468 469
406 410 411 412 420 421 422 423 434 435 436 437 448 452 453 454 459 460 461 462 463 464 465
413 417 418 419 420 421 422 423 477 481 482 483
413 414 415 416 417 418 419
413 414 415 416 477 478 479 480 481 482 483
420 424 425 426 427 431 432 433 459 466 467 470 471 472 473
420 424 425 426 427 428 429 430 431 432 433 448 457 458
427 431 432 433 448 455 456
427 428 429 430 431 432 433
434 438 439 440 441 442 443 444 445 446 447
434 438 439 440 441 442 443 444
448 455 456 459 463 464 465
448 449 450 451 470 474 475 476 477 481 482 483
459 460 461 462 463 464 465
459 463 464 465 470 471 472 473
470 474 475 476 477 478 479 480
484 520 521 522 523 524 525 526 3215 3216 3217 3218 3219
484 527 528 529 530 531 532 533 534 535
484 538 545 546 3215 3237 3238 3239 3240 3241 3242 3243
484 520 524 525 526 3215 3279 3283 3284 3285
484 547 548 549 550 3215 3230 3234 3235 3236 3237 3238 3239 3240
484 485 489 490 491 3215 3230 3234 3235 3236
484 520 524 525 526 3215 3230 3231 3232 3233
484 492 493 494 495 527 528 529 530 3215 3244 3245 3246 3247
484 485 486 487 488 520 521 522 523 527 531 532 533 3215 3258 3259 3260 3261
484 527 534 535 3215 3258 3259 3260 3261
484 520 524 525 526 3215 3216 3220 3221 3222
485 489 490 491 527 528 529 530 538 539 540 541 547 548 549 550
492 493 494 495 496 497 498
492 496 497 498 499 500 501 502 506 507 508 509
492 493 494 495 547 551 552 553 554 555 556 557
499 500 501 502 503 504 505 554 558 559 560
499 503 504 505 506 510 511 512 554 555 556 557
506 507 508 509 554 558 559 560
513 514 515 516 517 518 519
527 528 529 530 547 548 549 550 551 552 553
527 536 537 538 545 546
527 536 537 547 551 552 553
538 539 540 541 542 543 544
554 555 556 557 558 559 560
561 562 563 564 565 604 608 609 610 2990 3044 3048 3049 3050
561 562 563 564 565 566 567 568 2990 3044 3048 3049 3050
561 620 621 622 623 624 625 626 2990 3051 3052 3053 3054
561 620 624 625 626 634 688 692 693 694 708 712 713 714
561 604 611 612 613 617 618 619 634 642 643 644 645 699 700 701 702 708 712 713 714 1442 1454 1458 1459 1460
561 590 591 592 593 634 677 678 679 680
561 604 605 606 607 608 609 610 620 621 622 623
561 604 605 606 607 1286 1319 1323 1324 1325 2682 2745 2749 2750 2751
561 613 617 618 619 1442 1475 1479 1480 1481 1482 1486 1487 1488
561 604 605 606 607 620 621 622 623 2990 3033 3037 3038 3039
561 590 594 595 596 627 628 629 630 634 677 678 679 680 681 682 683 1365 1389 1390 1391 1392 1396 1397 1398 1399 1752 1764 1768 1769 1770 3476 3477 3478 3479 3480
561 604 605 606 607 613 617 618 619 1442 1482 1483 1484 1485 1486 1487 1488 1752 1771 1772 1773 1774 1775 1776 1777 1792 1796 1797 1798 3496 3497 3498 3499 3500
561 604 611 612 3215 3216 3217 3218 3219 3220 3221 3222 3258 3259 3260 3261 3265 3266 3267 3268
561 569 570 571 572 620 621 622 623 627 631 632 633 1365 1382 1386 1387 1388
561 597 598 599 600 634 663 664 665 666 677 678 679 680
561 620 621 622 623 634 677 678 679 680 1365 1396 1397 1398 1399 1435 1439 1440 1441 2990 3044 3045 3046 3047 3048 3049 3050 3051 3052 3053 3054
561 576 577 578 579 580 581 582 583 584 585 586 587 588 589 590 594 595 596 634 663 667 668 669 670 671 672 673 1442 1489 1490 1491 1492
562 566 567 568 613 614 615 616
569 573 574 575 576 580 581 582
569 570 571 572 576 577 578 579
569 573 574 575 576 577 578 579 627 631 632 633
576 580 581 582 583 584 585 586 590 591 592 593 594 595 596 597 601 602 603
576 580 581 582 583 587 588 589 590 594 595 596
576 577 578 579 583 584 585 586
583 584 585 586 587 588 589
583 587 588 589 590 594 595 596 597 598 599 600 627 628 629 630
597 598 599 600 601 602 603
604 605 606 607 613 617 618 619
613 614 615 616 620 624 625 626
620 624 625 626 627 628 629 630
620 624 625 626 627 628 629 630 631 632 633
634 670 671 672 673 674 675 676 688 695 696 2682 2692 2693 2694 2695
634 670 674 675 676 1286 1319 1320 1321 1322 1333 1334 1335 1336 1365 1382 1383 1384 1385 1442 1443 1444 1445 1446 1500 1501 1502 1503 2226 2243 2247 2248 2249 2534 2535 2536 2537 2538 2579 2583 2584 2585 2588 2589 2590 2591 3476 3481 3485 3486 3487
634 635 636 637 638 677 681 682 683 2990 3033 3034 3035 3036
634 670 671 672 673 674 675 676 1442 1443 1447 1448 1449 1489 1490 1491 1492
634 649 650 651 652 708 709 710 711 2990 3051 3055 3056 3057
634 635 636 637 638 688 689 690 691 692 693 694 699 700 701 702
634 635 639 640 641 688 689 690 691
634 642 643 644 645 656 657 658 659 2990 3051 3055 3056 3057
634 688 695 696 2990 3058 3062 3063 3064
634 649 653 654 655 656 657 658 659 660 661 662 2990 3058 3059 3060 3061
634 670 671 672 673 699 706 707 2153 2189 2190 2191 2192 2193 2194 2195 2842 2885 2886 2887 2888
634 699 706 707 2990 2998 2999 3000 3001
634 677 684 685 2990 3051 3055 3056 3057
634 670 674 675 676 1442 1443 1444 1445 1446 1489 1493 1494 1495 2682 2752 2756 2757 2758
635 639 640 641 688 689 690 691 692 693 694
635 639 640 641 677 681 682 683 686 687
635 636 637 638 639 640 641
642 646 647 648 649 650 651 652 699 703 704 705
642 643 644 645 708 709 710 711
642 646 647 648 649 653 654 655 677 684 685
649 650 651 652 653 654 655 677 686 687 688 689 690 691 692 693 694 699 700 701 702
663 664 665 666 667 668 669
670 674 675 676 688 697 698
688 689 690 691 699 700 701 702 703 704 705 708 712 713 714
699 703 704 705 708 709 710 711
715 716 717 718 719 720 721 722 769 778 779 1521 1540 1544 1545 1546
715 716 723 724 1831 1871 1872 1873 1874
715 760 761 762 763 769 776 777 2759 2835 2839 2840 2841
715 791 800 801 2915 2937 2941 2942 2943
715 780 789 790 1521 1561 1562 1563 1564 1600 1629 1633 1634 1635 1636 1637 1638 1639 2759 2771 2775 2776 2777 2778 2779 2780 2781 3065 3080 3084 3085 3086 3087 3091 3092 3093 3094 3095 3096 3097
715 769 773 774 775 1521 1547 1548 1549 1550 1554 1558 1559 1560 1912 1913 1914 1915 1916 2153 2154 2155 2156 2157 3065 3087 3091 3092 3093
715 716 717 718 719 760 761 762 763 767 768
715 760 764 765 766 780 787 788 1600 1629 1633 1634 1635 1912 1938 1942 1943 1944 2534 2579 2580 2581 2582
715 753 754 755 756 1600 1643 1644 1645 1646 1668 1669 1670 1671 3286 3294 3298 3299 3300
715 753 754 755 756 791 800 801 1600 1643 1647 1648 1649
715 746 750 751 752 1600 1643 1644 1645 1646 1668 1669 1670 1671
715 716 723 724 769 778 779 1831 1843 1844 1845 1846 1889 1893 1894 1895
716 717 718 719 720 721 722 769 773 774 775
716 720 721 722 769 770 771 772
716 717 718 719 720 721 722 760 761 762 763
725 726 727 728 791 795 796 797 798 799
725 729 730 731 732 733 734 735
725 726 727 728 729 730 731
732 736 737 738 739 740 741 742 743 744 745
732 733 734 735 736 737 738
732 733 734 735 746 747 748 749 750 751 752
732 733 734 735 739 740 741 742
739 743 744 745 746 747 748 749
746 750 751 752 753 754 755 756
753 757 758 759 760 767 768 780 784 785 786
753 757 758 759 780 789 790
760 761 762 763 764 765 766
769 770 771 772 773 774 775
769 776 777 780 781 782 783
780 787 788 791 795 796 797
780 784 785 786 791 792 793 794
802 817 818 819 820 845 846 847 848 867 871 872 873 2609 2638 2642 2643 2644
802 803 804 805 806 856 863 864
802 838 842 843 844 856 865 866 867 868 869 870 885 950 954 955 956 957 958 959 960 961 962 963 1991 2015 2019 2020 2021 2609 2652 2653 2654 2655
802 856 863 864 3286 3308 3309 3310 3311
802 831 832 833 834 885 886 887 888 889 928 929 930 931 932 933 934 939 943 944 945
802 824 825 826 827 828 829 830 2609 2631 2635 2636 2637
802 856 865 866 867 874 875 2380 2427 2428 2429 2430
802 845 852 853 2915 2916 2920 2921 2922 2958 2959 2960 2961 2969 2970 2971 2972
802 803 807 808 809 845 852 853 856 857 858 859 860 861 862 2915 2923 2924 2925 2926
802 845 846 847 848 849 850 851 867 871 872 873 885 900 901 902 903 921 925 926 927 1675 1720 1721 1722 1723 3286 3301 3302 3303 3304
802 845 854 855 876 883 884 3361 3401 3402 3403 3404
802 856 857 858 859 860 861 862
802 803 807 808 809 845 854 855 856 857 858 859 860 861 862 867 868 869 870 876 877 878 879 1049 1116 1117 1118 1119 3286 3294 3298 3299 3300 3301 3302 3303 3304
802 817 818 819 820 885 886 887 888 889 928 929 930 931 1675 1720 1721 1722 1723 2609 2631 2632 2633 2634
802 817 818 819 820 845 846 847 848 885 886 887 888 889 928 929 930 931 939 943 944 945
802 876 883 884 2915 2944 2948 2949 2950
802 817 818 819 820 831 835 836 837 867 871 872 873 876 880 881 882 1675 1720 1721 1722 1723 3361 3408 3412 3413 3414
802 831 832 833 834 2609 2631 2635 2636 2637 2638 2639 2640 2641
802 867 871 872 873 876 877 878 879 2609 2638 2642 2643 2644
802 867 874 875 2303 2327 2328 2329 2330
803 804 805 806 845 849 850 851
803 804 805 806 807 808 809 856 857 858 859
803 804 805 806 807 808 809
810 811 812 813 876 880 881 882
810 814 815 816 838 839 840 841 842 843 844
810 811 812 813 814 815 816
817 818 819 820 821 822 823
817 821 822 823 824 825 826 827
824 828 829 830 831 832 833 834
831 835 836 837 838 839 840 841
845 846 847 848 867 871 872 873 876 877 878 879 880 881 882
856 860 861 862 867 868 869 870
885 939 940 941 942 950 951 952 953 3361 3390 3391 3392 3393
885 921 922 923 924 3361 3369 3370 3371 3372
885 900 904 905 906 2609 2668 2669 2670 2671 2672 2673 2674 3361 3369 3370 3371 3372
885 921 925 926 927 3361 3376 3377 3378 3379
885 939 946 947 2915 2937 2941 2942 2943 2944 2945 2946 2947
885 893 897 898 899 900 901 902 903 904 905 906 907 908 909 910 1991 2015 2019 2020 2021 2022 2023 2024 2025 2609 2652 2653 2654 2655 2661 2665 2666 2667 2990 3026 3030 3031 3032 3361 3376 3380 3381 3382
885 893 897 898 899 3361 3383 3384 3385 3386
885 957 958 959 960 3286 3301 3305 3306 3307 3308 3309 3310 3311
885 914 915 916 917 918 919 920 928 937 938 3361 3376 3377 3378 3379
885 939 940 941 942 943 944 945
885 939 946 947 950 954 955 956 957 958 959 960 3361 3383 3387 3388 3389
885 939 948 949 3361 3376 3380 3381 3382
885 928 937 938 2990 3026 3027 3028 3029
885 928 929 930 931 932 933 934
886 890 891 892 928 935 936
886 890 891 892 939 940 941 942
886 887 888 889 890 891 892 939 943 944 945
886 887 888 889 890 891 892 928 929 930 931 939 943 944 945
893 894 895 896 950 954 955 956 957 958 959 960
893 894 895 896 897 898 899
893 894 895 896 957 961 962 963
900 901 902 903 904 905 906
900 901 902 903 904 905 906 907 911 912 913 939 948 949
900 904 905 906 907 908 909 910
907 911 912 913 914 915 916 917
907 908 909 910 911 912 913
914 918 919 920 921 922 923 924
921 922 923 924 925 926 927
928 935 936 950 951 952 953 954 955 956
957 958 959 960 961 962 963
964 1004 1008 1009 1010 2682 2720 2721 2722 2723
964 1011 1018 1019 3422 3448 3449 3450 3451
964 1042 1043 1044 1045 2682 2713 2717 2718 2719 2720 2721 2722 2723
964 1022 1026 1027 1028 1033 1034 1035 1036
964 965 969 970 971 974 975 1130 1145 1146 1147 1148 3422 3455 3456 3457 3458
964 1004 1005 1006 1007 1008 1009 1010 1022 1031 1032 2990 3058 3062 3063 3064
964 1022 1031 1032 3140 3183 3184 3185 3186
964 997 1001 1002 1003 1033 1040 1041 1130 1131 1135 1136 1137
964 1011 1020 1021 3065 3126 3130 3131 3132 3133 3134 3135 3136
964 1004 1005 1006 1007 1022 1023 1024 1025 1026 1027 1028 2682 2720 2721 2722 2723
964 1004 1005 1006 1007 1130 1184 1185 1186 1187
964 965 972 973 2534 2558 2562 2563 2564 2565 2566 2567 2568
965 974 975 1022 1023 1024 1025
976 977 978 979 980 981 982
976 977 978 979 1033 1034 1035 1036 1037 1038 1039
976 980 981 982 983 984 985 986 987 988 989 1022 1023 1024 1025 1042 1043 1044 1045
976 980 981 982 1022 1029 1030
976 977 978 979 980 981 982 983 984 985 986 1033 1037 1038 1039
976 977 978 979 1042 1046 1047 1048
983 987 988 989 997 998 999 1000 1001 1002 1003
983 984 985 986 990 991 992 993 994 995 996
983 987 988 989 990 991 992 993
990 994 995 996 997 998 999 1000
990 991 992 993 1033 1040 1041
1011 1015 1016 1017 1018 1019
1033 1034 1035 1036 1042 1043 1044 1045
1042 1043 1044 1045 1046 1047 1048
1049 1050 1051 1052 1053 1054 1055 1056 1096 1103 1104
1049 1050 1057 1058 1068 1069 1070 1071 1089 1093 1094 1095 2682 2706 2710 2711 2712
1049 1096 1103 1104 1116 1120 1121 1122
1049 1061 1065 1066 1067 1068 1069 1070 1071 2682 2706 2710 2711 2712 2713 2714 2715 2716
1049 1050 1054 1055 1056 1116 1120 1121 1122 1130 1138 1142 1143 1144
1049 1061 1062 1063 1064 1065 1066 1067 1089 1093 1094 1095 1096 1105 1106 1130 1131 1132 1133 1134 1184 1188 1189 1190
1049 1075 1076 1077 1078 2682 2706 2710 2711 2712
1049 1107 1114 1115 3215 3265 3269 3270 3271
1049 1050 1057 1058 1107 1114 1115 3215 3272 3276 3277 3278
1049 1082 1086 1087 1088 1130 1173 1174 1175 1176 1177 1178 1179
1049 1075 1079 1080 1081 1082 1083 1084 1085 1089 1093 1094 1095 1130 1173 1174 1175 1176
1049 1050 1051 1052 1053 1096 1097 1098 1099 1100 1101 1102
1049 1050 1059 1060 1089 1093 1094 1095 2303 2327 2328 2329 2330 2331 2332 2333 2341 2342 2343 2344 2373 2377 2378 2379 3488 3489 3490 3491 3492 3493 3494 3495
1049 1061 1062 1063 1064 1123 1127 1128 1129 1130 1138 1142 1143 1144 3215 3251 3252 3253 3254
1049 1050 1059 1060 2459 2488 2492 2493 2494 2502 2503 2504 2505 2682 2745 2746 2747 2748
1050 1051 1052 1053 1054 1055 1056 1096 1097 1098 1099
1050 1051 1052 1053 1096 1097 1098 1099 1100 1101 1102 1107 1108 1109 1110
1061 1065 1066 1067 1068 1069 1070 1071 1072 1073 1074
1068 1072 1073 1074 1075 1076 1077 1078 1082 1083 1084 1085
1068 1069 1070 1071 1072 1073 1074
1075 1076 1077 1078 1079 1080 1081 1089 1090 1091 1092
1082 1083 1084 1085 1086 1087 1088
1082 1086 1087 1088 1089 1090 1091 1092
1089 1090 1091 1092 1093 1094 1095
1096 1105 1106 1123 1124 1125 1126
1107 1108 1109 1110 1111 1112 1113
1107 1111 1112 1113 1116 1117 1118 1119
1116 1120 1121 1122 1123 1124 1125 1126 1127 1128 1129
1123 1124 1125 1126 1127 1128 1129
1130 1152 1153 1154 1155 1600 1615 1619 1620 1621 1622 1623 1624 1625 1991 2008 2009 2010 2011 3361 3362 3363 3364 3365
1130 1145 1146 1147 1148 1173 1182 1183 3422 3423 3427 3428 3429
1130 1173 1174 1175 1176 1177 1178 1179
1130 1173 1180 1181 3140 3148 3152 3153 3154
1130 1138 1142 1143 1144 1198 1199 1200 1201 1202 1203 1204 3215 3251 3255 3256 3257 3422 3444 3445 3446 3447
1130 1166 1170 1171 1172 3422 3437 3438 3439 3440
1130 1191 1192 1193 1194 1195 1196 1197 3286 3354 3358 3359 3360
1130 1159 1163 1164 1165 1166 1167 1168 1169 3140 3176 3180 3181 3182
1130 1173 1182 1183 3422 3455 3456 3457 3458
1131 1132 1133 1134 1173 1174 1175 1176
1131 1132 1133 1134 1135 1136 1137
1138 1142 1143 1144 1173 1180 1181
1138 1139 1140 1141 1198 1199 1200 1201 1202 1203 1204
1145 1149 1150 1151 1152 1153 1154 1155 1159 1160 1161 1162
1152 1153 1154 1155 1156 1157 1158
1152 1156 1157 1158 1159 1160 1161 1162
1166 1167 1168 1169 1170 1171 1172
1184 1188 1189 1190 1191 1192 1193 1194
1191 1192 1193 1194 1195 1196 1197
1191 1192 1193 1194 1198 1199 1200 1201
1205 1217 1218 1219 1220 3286 3287 3291 3292 3293
1205 1252 1253 1254 1255 1263 1264 1265 1266 3286 3329 3330 3331 3332
1205 1217 1221 1222 1223 1224 1225 1226 1227 3286 3329 3333 3334 3335
1205 1224 1225 1226 1227 1228 1229 1230 1752 1753 1754 1755 1756
1205 1245 1249 1250 1251 2380 2445 2446 2447 2448 2449 2450 2451 3286 3287 3288 3289 3290
1205 1206 1207 1208 1209 1210 1211 1212 1252 1253 1254 1255 1256 1257 1258 1263 1264 1265 1266
1205 1231 1232 1233 1234 1252 1261 1262 3286 3287 3288 3289 3290
1205 1252 1253 1254 1255 1256 1257 1258
1205 1263 1270 1271 3286 3329 3330 3331 3332
1205 1206 1207 1208 1209 1252 1259 1260 3286 3329 3330 3331 3332
1205 1206 1215 1216 1752 1810 1814 1815 1816
1206 1215 1216 1217 1221 1222 1223 1245 1249 1250 1251 1279 1283 1284 1285
1206 1210 1211 1212 1252 1253 1254 1255 1256 1257 1258 1272 1276 1277 1278
1206 1213 1214 1245 1246 1247 1248
1206 1213 1214 1238 1239 1240 1241 1242 1243 1244
1217 1218 1219 1220 1221 1222 1223
1217 1218 1219 1220 1279 1280 1281 1282 1283 1284 1285
1224 1228 1229 1230 1231 1232 1233 1234
1224 1228 1229 1230 1245 1249 1250 1251
1224 1225 1226 1227 1252 1261 1262
1231 1235 1236 1237 1238 1239 1240 1241
1231 1232 1233 1234 1235 1236 1237 1238 1242 1243 1244
1238 1242 1243 1244 1245 1246 1247 1248
1252 1259 1260 1263 1270 1271
1272 1276 1277 1278 1279 1280 1281 1282
1286 1351 1355 1356 1357 1358 1359 1360 1361 3286 3354 3355 3356 3357
1286 1287 1288 1289 1290 1333 1340 1341 1342 1346 1347 1348 1752 1771 1775 1776 1777
1286 1319 1320 1321 1322 1333 1337 1338 1339 2534 2579 2580 2581 2582 3476 3481 3482 3483 3484
1286 1287 1294 1295 1305 1306 1307 1308 3286 3347 3351 3352 3353
1286 1287 1296 1297 1333 1337 1338 1339
1286 1326 1330 1331 1332 1365 1428 1432 1433 1434
1286 1342 1349 1350 2534 2551 2555 2556 2557 2558 2559 2560 2561 2562 2563 2564 2565 2566 2567 2568
1286 1333 1337 1338 1339 1365 1382 1383 1384 1385 1442 1489 1490 1491 1492 2682 2727 2728 2729 2730
1286 1287 1296 1297 2682 2683 2684 2685 2686 2727 2728 2729 2730
1286 1326 1327 1328 1329 1330 1331 1332 3476 3477 3478 3479 3480
1287 1291 1292 1293 1342 1343 1344 1345 1346 1347 1348
1287 1294 1295 1319 1320 1321 1322
1287 1288 1289 1290 1291 1292 1293
1298 1302 1303 1304 1305 1306 1307 1308
1298 1299 1300 1301 1302 1303 1304
1298 1299 1300 1301 1358 1362 1363 1364
1298 1299 1300 1301 1305 1306 1307 1308 1309 1310 1311 1342 1343 1344 1345
1298 1299 1300 1301 1358 1359 1360 1361 1362 1363 1364
1305 1309 1310 1311 1312 1313 1314 1315 1319 1323 1324 1325
1312 1313 1314 1315 1316 1317 1318
1312 1316 1317 1318 1326 1327 1328 1329 1330 1331 1332
1319 1323 1324 1325 1326 1327 1328 1329 1351 1355 1356 1357
1333 1334 1335 1336 1340 1341
1333 1334 1335 1336 1337 1338 1339
1342 1346 1347 1348 1351 1352 1353 1354 1358 1359 1360 1361
1351 1352 1353 1354 1355 1356 1357
1365 1375 1376 1377 1378 1379 1380 1381 1442 1514 1515 1516 1517
1365 1375 1376 1377 1378 1442 1514 1515 1516 1517 2682 2727 2731 2732 2733
1365 1375 1376 1377 1378 1410 1411 1412 1413 1414 1415 1416 1435 1439 1440 1441 2534 2565 2566 2567 2568
1365 1382 1386 1387 1388 1752 1764 1768 1769 1770
1365 1366 1370 1371 1372 1410 1419 1420
1365 1403 1407 1408 1409 1442 1443 1447 1448 1449
1365 1410 1411 1412 1413 1414 1415 1416 1435 1439 1440 1441
1365 1366 1367 1368 1369 1373 1374
1366 1370 1371 1372 1421 1422 1423 1424
1366 1367 1368 1369 1410 1414 1415 1416
1366 1367 1368 1369 1370 1371 1372
1366 1373 1374 1428 1432 1433 1434 1435 1436 1437 1438
1375 1379 1380 1381 1382 1383 1384 1385
1382 1386 1387 1388 1428 1432 1433 1434
1389 1390 1391 1392 1393 1394 1395
1389 1390 1391 1392 1410 1411 1412 1413 1414 1415 1416
1389 1393 1394 1395 1396 1397 1398 1399 1410 1411 1412 1413 1414 1415 1416 1435 1439 1440 1441
1396 1400 1401 1402 1403 1404 1405 1406
1403 1404 1405 1406 1407 1408 1409 1410 1417 1418
1403 1404 1405 1406 1410 1417 1418
1410 1419 1420 1428 1429 1430 1431 1432 1433 1434
1421 1422 1423 1424 1425 1426 1427 1435 1436 1437 1438
1421 1422 1423 1424 1435 1439 1440 1441
1421 1425 1426 1427 1428 1429 1430 1431 1432 1433 1434
1442 1443 1450 1451 2534 2588 2589 2590 2591
1442 1454 1455 1456 1457 1514 1518 1519 1520 2682 2683 2684 2685 2686
1442 1443 1450 1451 1461 1462 1463 1464 1468 1472 1473 1474 1752 1792 1793 1794 1795
1442 1489 1490 1491 1492 1493 1494 1495
1442 1443 1444 1445 1446 1489 1490 1491 1492 1752 1764 1768 1769 1770
1442 1454 1458 1459 1460 1514 1515 1516 1517 2682 2745 2749 2750 2751
1442 1475 1479 1480 1481 2682 2752 2753 2754 2755
1442 1500 1501 1502 1503 1514 1518 1519 1520 2682 2683 2687 2688 2689
1442 1454 1458 1459 1460 1461 1465 1466 1467 1468 1472 1473 1474 1752 1778 1779 1780 1781
1442 1443 1452 1453 1500 1501 1502 1503 1504 1505 1506 2682 2727 2728 2729 2730
1442 1482 1483 1484 1485 1486 1487 1488 1752 1764 1765 1766 1767 1768 1769 1770 1771 1772 1773 1774
1442 1443 1452 1453 2682 2727 2728 2729 2730
1443 1444 1445 1446 1447 1448 1449
1454 1458 1459 1460 1461 1462 1463 1464
1454 1455 1456 1457 1489 1498 1499
1461 1465 1466 1467 1468 1469 1470 1471
1468 1469 1470 1471 1472 1473 1474 1475 1476 1477 1478
1475 1476 1477 1478 1482 1483 1484 1485
1475 1476 1477 1478 1479 1480 1481
1482 1483 1484 1485 1486 1487 1488
1489 1496 1497 1507 1511 1512 1513
1489 1496 1497 1514 1515 1516 1517
1489 1498 1499 1500 1504 1505 1506 1507 1508 1509 1510
1507 1508 1509 1510 1511 1512 1513
1521 1561 1562 1563 1564 1568 1572 1573 1574 1575 1576 1600 1615 1619 1620 1621
1521 1533 1534 1535 1536 1568 1572 1573 1574 1579 1580 1581 1582 1593 1597 1598 1599 1600 1615 1616 1617 1618 1831 1878 1879 1880 1881 1912 1924 1925 1926 1927 1938 1939 1940 1941 1977 1981 1982 1983 1984 1988 1989 1990 2153 2168 2172 2173 2174 2759 2785 2786 2787 2788
1521 1522 1531 1532 1568 1577 1578 3065 3133 3134 3135 3136
1521 1522 1523 1524 1525 1568 1569 1570 1571 3286 3294 3295 3296 3297 3347 3348 3349 3350
1521 1561 1565 1566 1567 1568 1575 1576 1600 1615 1619 1620 1621 3361 3401 3405 3406 3407
1521 1522 1529 1530 1593 1594 1595 1596 1600 1608 1612 1613 1614 3286 3294 3298 3299 3300 3347 3348 3349 3350
1521 1522 1529 1530 1600 1643 1644 1645 1646
1521 1554 1555 1556 1557 3065 3066 3067 3068 3069
1521 1540 1541 1542 1543 1554 1555 1556 1557 3065 3108 3109 3110 3111
1521 1533 1534 1535 1536 1540 1541 1542 1543 3065 3108 3109 3110 3111
1521 1540 1544 1545 1546 1547 1551 1552 1553 2759 2778 2779 2780 2781
1521 1561 1562 1563 1564 1568 1569 1570 1571 1572 1573 1574 1577 1578 1600 1615 1619 1620 1621
1521 1547 1548 1549 1550 3065 3066 3067 3068 3069 3108 3109 3110 3111 3112 3113 3114
1521 1579 1583 1584 1585 1586 1587 1588 1589 1600 1615 1616 1617 1618
1521 1522 1531 1532 3065 3066 3067 3068 3069 3108 3112 3113 3114
1521 1561 1565 1566 1567 1600 1615 1619 1620 1621 1668 1672 1673 1674 3286 3308 3312 3313 3314
1522 1523 1524 1525 1526 1527 1528 1593 1597 1598 1599
1522 1523 1524 1525 1561 1562 1563 1564 1565 1566 1567 1568 1569 1570 1571
1522 1526 1527 1528 1579 1580 1581 1582 1586 1587 1588 1589 1593 1597 1598 1599
1533 1537 1538 1539 1540 1544 1545 1546 1547 1548 1549 1550 1551 1552 1553
1533 1534 1535 1536 1537 1538 1539
1540 1541 1542 1543 1544 1545 1546
1554 1555 1556 1557 1558 1559 1560
1561 1562 1563 1564 1568 1569 1570 1571 1579 1583 1584 1585 1593 1597 1598 1599
1568 1569 1570 1571 1572 1573 1574
1579 1580 1581 1582 1583 1584 1585
1586 1587 1588 1589 1590 1591 1592
1586 1590 1591 1592 1593 1594 1595 1596
1586 1587 1588 1589 1590 1591 1592 1593 1597 1598 1599
1600 1622 1623 1624 1625 1626 1627 1628 3065 3101 3102 3103 3104 3361 3362 3363 3364 3365
1600 1643 1650 1651 2759 2778 2779 2780 2781 2817 2821 2822 2823
1600 1629 1633 1634 1635 1636 1637 1638 1639 1640 1641 1642 1912 1938 1942 1943 1944 1991 2008 2009 2010 2011
1600 1629 1630 1631 1632 1636 1637 1638 1639 3361 3362 3366 3367 3368
1600 1643 1652 1653 3286 3315 3316 3317 3318
1600 1629 1633 1634 1635 1643 1652 1653 1675 1676 1677 1678 1679 1831 1843 1847 1848 1849 1912 1938 1942 1943 1944 1959 1960 1961 1962 1977 1978 1979 1980 1984 1985 1986 1987
1600 1608 1609 1610 1611 3286 3294 3295 3296 3297
1600 1629 1630 1631 1632 3065 3094 3098 3099 3100 3101 3105 3106 3107
1600 1636 1640 1641 1642 3286 3315 3316 3317 3318 3319 3320 3321
1600 1608 1609 1610 1611 3286 3308 3312 3313 3314
1601 1602 1603 1604 1643 1647 1648 1649 1650 1651 1654 1655 1656 1657 1668 1669 1670 1671
1601 1602 1603 1604 1605 1606 1607
1601 1602 1603 1604 1643 1644 1645 1646 1647 1648 1649
1601 1605 1606 1607 1654 1655 1656 1657 1658 1659 1660
1601 1605 1606 1607 1661 1665 1666 1667
1608 1609 1610 1611 1668 1672 1673 1674
1608 1609 1610 1611 1612 1613 1614 1668 1672 1673 1674
1608 1612 1613 1614 1615 1616 1617 1618
1622 1626 1627 1628 1629 1630 1631 1632
1622 1626 1627 1628 1629 1630 1631 1632 1633 1634 1635 1636 1637 1638 1639
1643 1644 1645 1646 1647 1648 1649
1654 1658 1659 1660 1661 1662 1663 1664
1661 1662 1663 1664 1668 1672 1673 1674
1675 1676 1677 1678 1679 1720 1724 1725 1726 1729 1730
1675 1692 1693 1694 1695 1720 1721 1722 1723 1724 1725 1726 1991 1992 1996 1997 1998 2609 2624 2625 2626 2627 2631 2632 2633 2634 2652 2653 2654 2655
1675 1676 1683 1684 1912 1952 1953 1954 1955 1956 1957 1958 2915 2958 2959 2960 2961 2976 2977 2978 2979 2980 2981 2982 2983 2984 2985 2986
1675 1720 1721 1722 1723 1724 1725 1726 2915 2937 2938 2939 2940 2941 2942 2943
1675 1713 1714 1715 1716 1717 1718 1719 1991 2036 2037 2038 2039
1675 1676 1680 1681 1682 1683 1684 1685 1686 1687 1688 1689 1690 1691 1991 1992 1996 1997 1998 2036 2037 2038 2039 2915 2976 2980 2981 2982
1675 1720 1727 1728 1738 1739 1740 1741
1675 1713 1717 1718 1719 1991 2015 2016 2017 2018
1676 1677 1678 1679 1680 1681 1682 1745 1746 1747 1748
1676 1680 1681 1682 1731 1732 1733 1734 1738 1742 1743 1744
1676 1680 1681 1682 1685 1686 1687 1688 1745 1746 1747 1748
1685 1689 1690 1691 1692 1693 1694 1695 1696 1697 1698 1720 1729 1730
1685 1686 1687 1688 1689 1690 1691
1692 1693 1694 1695 1699 1700 1701 1702 1713 1714 1715 1716 1720 1727 1728 1745 1749 1750 1751
1692 1696 1697 1698 1699 1700 1701 1702
1692 1693 1694 1695 1696 1697 1698 1699 1700 1701 1702 1706 1710 1711 1712
1699 1700 1701 1702 1703 1704 1705
1699 1703 1704 1705 1706 1707 1708 1709
1706 1707 1708 1709 1713 1714 1715 1716 1717 1718 1719
1706 1707 1708 1709 1710 1711 1712
1731 1735 1736 1737 1738 1739 1740 1741
1731 1732 1733 1734 1735 1736 1737 1738 1742 1743 1744
1738 1742 1743 1744 1745 1746 1747 1748
1745 1746 1747 1748 1749 1750 1751
1752 1753 1762 1763 1799 1808 1809 2380 2413 2414 2415 2416
1752 1778 1782 1783 1784 1785 1786 1787 1788 3496 3497 3501 3502 3503
1752 1753 1762 1763 2380 2427 2428 2429 2430
1752 1753 1760 1761 1792 1793 1794 1795 1796 1797 1798 3496 3497 3498 3499 3500 3501 3502 3503
1752 1799 1800 1801 1802 1803 1804 1805
1752 1792 1793 1794 1795 3496 3497 3498 3499 3500
1753 1757 1758 1759 1810 1811 1812 1813
1753 1754 1755 1756 1799 1803 1804 1805 1806 1807
1753 1760 1761 1792 1796 1797 1798
1753 1757 1758 1759 1810 1814 1815 1816
1764 1765 1766 1767 1771 1772 1773 1774 1824 1828 1829 1830
1771 1775 1776 1777 1778 1779 1780 1781 1785 1789 1790 1791
1778 1782 1783 1784 1785 1786 1787 1788
1778 1782 1783 1784 1792 1793 1794 1795
1778 1779 1780 1781 1782 1783 1784
1785 1789 1790 1791 1799 1808 1809
1785 1786 1787 1788 1789 1790 1791 1792 1796 1797 1798
1799 1806 1807 1810 1814 1815 1816
1831 1864 1868 1869 1870 3361 3415 3416 3417 3418
1831 1878 1885 1886 3065 3073 3074 3075 3076 3080 3081 3082 3083 3087 3091 3092 3093 3286 3294 3298 3299 3300
1831 1832 1836 1837 1838 1839 1840 1878 1879 1880 1881 1905 1909 1910 1911
1831 1871 1875 1876 1877 2068 2080 2084 2085 2086
1831 1850 1851 1852 1853 1854 1855 1856 2842 2894 2895 2896 2897
1831 1832 1836 1837 1838 1889 1890 1891 1892
1831 1878 1887 1888 2990 2998 2999 3000 3001 3002 3003 3004
1831 1878 1879 1880 1881 1898 1899 1900 1901 3361 3369 3373 3374 3375
1831 1889 1893 1894 1895 2842 2901 2902 2903 2904
1831 1857 1858 1859 1860 1861 1862 1863 2842 2843 2847 2848 2849
1831 1850 1854 1855 1856 2068 2080 2084 2085 2086 2146 2147 2148 2149
1831 1878 1879 1880 1881 2153 2168 2172 2173 2174 2175 2176 2177 2178
1831 1889 1893 1894 1895 2153 2182 2183 2184 2185 2842 2901 2905 2906 2907
1831 1898 1902 1903 1904 2153 2182 2183 2184 2185 2842 2901 2902 2903 2904
1831 1871 1872 1873 1874 2068 2080 2084 2085 2086 2146 2147 2148 2149 2150 2151 2152 3361 3415 3416 3417 3418
1831 1878 1879 1880 1881 1882 1883 1884
1831 1832 1841 1842 2842 2894 2895 2896 2897 2898 2899 2900
1831 1898 1899 1900 1901 2153 2154 2158 2159 2160 2196 2200 2201 2202
1831 1843 1847 1848 1849 1850 1851 1852 1853 2153 2154 2155 2156 2157
1831 1832 1839 1840 2842 2901 2902 2903 2904 2905 2906 2907
1831 1878 1887 1888 1889 1890 1891 1892 1912 1984 1988 1989 1990 2153 2168 2172 2173 2174 2175 2176 2177 2178 2842 2850 2851 2852 2853 2901 2902 2903 2904 2908 2909 2910 2911 2915 2923 2924 2925 2926
1831 1843 1844 1845 1846 1847 1848 1849 2842 2843 2847 2848 2849
1831 1889 1896 1897 3361 3369 3373 3374 3375
1832 1833 1834 1835 1898 1902 1903 1904 1905 1906 1907 1908
1832 1833 1834 1835 1878 1882 1883 1884
1832 1841 1842 1843 1847 1848 1849
1832 1833 1834 1835 1889 1896 1897
1850 1854 1855 1856 1857 1858 1859 1860
1857 1861 1862 1863 1864 1865 1866 1867
1857 1858 1859 1860 1864 1865 1866 1867 1868 1869 1870
1864 1868 1869 1870 1871 1872 1873 1874
1871 1872 1873 1874 1875 1876 1877
1878 1885 1886 1898 1902 1903 1904 1905 1906 1907 1908
1889 1890 1891 1892 1893 1894 1895
1905 1906 1907 1908 1909 1910 1911
1912 1952 1956 1957 1958 2915 2983 2984 2985 2986
1912 1913 1922 1923 2915 2937 2938 2939 2940
1912 1952 1956 1957 1958 2915 2958 2959 2960 2961
1912 1952 1956 1957 1958 2915 2969 2970 2971 2972 2973 2974 2975
1912 1913 1917 1918 1919 1959 1966 1967 1970 1971 1972 1973 1977 1981 1982 1983 1984 1985 1986 1987
1912 1913 1920 1921 2842 2908 2909 2910 2911
1912 1913 1917 1918 1919 1959 1960 1961 1962 1963 1964 1965 1970 1971 1972 1973
1913 1914 1915 1916 1917 1918 1919 1959 1963 1964 1965
1913 1917 1918 1919 1945 1946 1947 1948 1959 1960 1961 1962 1984 1985 1986 1987
1913 1920 1921 1922 1923 1952 1953 1954 1955 1959 1968 1969
1924 1925 1926 1927 1928 1929 1930
1924 1925 1926 1927 1984 1988 1989 1990
1924 1928 1929 1930 1931 1932 1933 1934
1931 1932 1933 1934 1938 1939 1940 1941
1931 1932 1933 1934 1935 1936 1937
1938 1939 1940 1941 1959 1966 1967 1970 1974 1975 1976 1984 1988 1989 1990
1938 1942 1943 1944 1959 1968 1969
1952 1953 1954 1955 1956 1957 1958
1959 1960 1961 1962 1970 1971 1972 1973
1970 1974 1975 1976 1977 1978 1979 1980
1970 1971 1972 1973 1974 1975 1976
1977 1978 1979 1980 1981 1982 1983
1977 1981 1982 1983 1984 1985 1986 1987
1991 1992 1993 1994 1995 2915 2923 2927 2928 2929
1991 2054 2058 2059 2060 2061 2062 2063 2064 2915 2951 2952 2953 2954
1991 2029 2033 2034 2035 2609 2661 2662 2663 2664
1991 1992 1993 1994 1995 2047 2048 2049 2050 2051 2052 2053 2915 2983 2984 2985 2986
1991 2008 2009 2010 2011 2012 2013 2014 2915 2983 2987 2988 2989
1991 1992 1996 1997 1998 2036 2037 2038 2039
1991 2036 2045 2046 3361 3362 3363 3364 3365 3394 3395 3396 3397
1991 2022 2023 2024 2025 2026 2027 2028 2609 2652 2653 2654 2655 2668 2669 2670 2671 2915 2937 2938 2939 2940
1991 2022 2026 2027 2028 2029 2030 2031 2032 2609 2661 2662 2663 2664
1991 2001 2002 2003 2004 3286 3322 3326 3327 3328
1991 2015 2019 2020 2021 2022 2026 2027 2028 2036 2043 2044 2047 2051 2052 2053 2915 2958 2959 2960 2961
1991 2054 2055 2056 2057 2915 2944 2948 2949 2950
1991 2036 2037 2038 2039 2915 2923 2927 2928 2929 2930 2931 2932 2933
1991 1992 1999 2000 2609 2610 2614 2615 2616 2652 2656 2657 2658
1991 2029 2033 2034 2035 2609 2661 2665 2666 2667 2668 2669 2670 2671
1991 1992 1999 2000 2022 2023 2024 2025 2609 2661 2665 2666 2667
1991 2036 2043 2044 2915 2930 2934 2935 2936
1991 2008 2012 2013 2014 2842 2908 2912 2913 2914
1991 2015 2016 2017 2018 2842 2850 2851 2852 2853 2854 2855 2856 2857 2861 2862 2863 2908 2912 2913 2914
1992 1993 1994 1995 2036 2040 2041 2042
1992 1996 1997 1998 2036 2040 2041 2042 2045 2046 2047 2051 2052 2053 2054 2055 2056 2057
2001 2002 2003 2004 2005 2006 2007
2001 2002 2003 2004 2061 2065 2066 2067
2001 2005 2006 2007 2008 2009 2010 2011
2008 2012 2013 2014 2015 2016 2017 2018
2015 2019 2020 2021 2022 2023 2024 2025
2029 2030 2031 2032 2033 2034 2035
2036 2037 2038 2039 2040 2041 2042
2047 2048 2049 2050 2051 2052 2053
2054 2055 2056 2057 2058 2059 2060
2061 2062 2063 2064 2065 2066 2067
2068 2094 2098 2099 2100 2115 2116 2117 2118 2124 2125
2068 2115 2116 2117 2118 2126 2127 2128 2129 2130 2131 2132
2068 2126 2135 2136 2303 2320 2321 2322 2323
2068 2069 2073 2074 2075 2137 2138 2139 2140
2068 2108 2112 2113 2114 2126 2135 2136 2303 2320 2321 2322 2323 2380 2420 2424 2425 2426
2068 2080 2081 2082 2083 2094 2098 2099 2100 2842 2843 2844 2845 2846 2847 2848 2849
2068 2126 2133 2134 2146 2150 2151 2152 3361 3415 3416 3417 3418
2068 2069 2076 2077 2087 2088 2089 2090 2842 2885 2886 2887 2888
2068 2137 2144 2145 3361 3408 3409 3410 3411
2068 2087 2088 2089 2090 2091 2092 2093 3361 3415 3419 3420 3421
2068 2069 2076 2077 2101 2105 2106 2107 2303 2304 2308 2309 2310 2313 2317 2318 2319 2348 2349 2350 2351 2359 2360 2361 2362
2068 2108 2109 2110 2111 2112 2113 2114 2303 2320 2324 2325 2326
2068 2069 2070 2071 2072 2115 2119 2120 2121 2126 2127 2128 2129
2068 2115 2124 2125 2137 2144 2145 2842 2894 2898 2899 2900
2068 2069 2078 2079 3215 3272 3276 3277 3278 3279 3280 3281 3282
2069 2070 2071 2072 2073 2074 2075
2069 2073 2074 2075 2126 2127 2128 2129 2137 2141 2142 2143
2080 2081 2082 2083 2115 2116 2117 2118 2119 2120 2121 2126 2133 2134
2087 2091 2092 2093 2094 2095 2096 2097
2087 2088 2089 2090 2094 2098 2099 2100 2126 2130 2131 2132
2094 2095 2096 2097 2115 2122 2123
2101 2105 2106 2107 2108 2109 2110 2111
2101 2102 2103 2104 2115 2122 2123
2101 2105 2106 2107 2108 2112 2113 2114
2115 2116 2117 2118 2119 2120 2121
2137 2138 2139 2140 2146 2147 2148 2149
2137 2138 2139 2140 2141 2142 2143 2146 2150 2151 2152
2153 2196 2197 2198 2199 2842 2843 2844 2845 2846 2885 2889 2890 2891
2153 2196 2197 2198 2199 2200 2201 2202
2153 2161 2162 2163 2164 2189 2190 2191 2192 2193 2194 2195 2842 2885 2886 2887 2888
2153 2154 2155 2156 2157 2196 2197 2198 2199 3361 3415 3419 3420 3421
2153 2196 2200 2201 2202 2842 2885 2889 2890 2891
2154 2158 2159 2160 2205 2206 2207 2208
2154 2155 2156 2157 2196 2197 2198 2199
2161 2162 2163 2164 2219 2223 2224 2225
2161 2162 2163 2164 2165 2166 2167
2161 2162 2163 2164 2182 2186 2187 2188
2161 2165 2166 2167 2189 2190 2191 2192 2193 2194 2195
2168 2169 2170 2171 2172 2173 2174 2175 2176 2177 2178
2168 2169 2170 2171 2196 2197 2198 2199 2205 2209 2210 2211
2168 2172 2173 2174 2212 2213 2214 2215 2216 2217 2218
2175 2179 2180 2181 2182 2183 2184 2185
2175 2176 2177 2178 2179 2180 2181
2182 2186 2187 2188 2189 2190 2191 2192
2182 2186 2187 2188 2196 2203 2204
2196 2203 2204 2219 2220 2221 2222 2223 2224 2225
2205 2209 2210 2211 2212 2213 2214 2215
2212 2216 2217 2218 2219 2220 2221 2222
2226 2282 2283 2284 2285 3476 3481 3482 3483 3484
2226 2227 2228 2229 2230 2271 2272 2273 2274 2282 2283 2284 2285 2459 2495 2499 2500 2501 2534 2544 2545 2546 2547
2226 2264 2265 2266 2267 2534 2535 2536 2537 2538 2579 2580 2581 2582 2583 2584 2585 3476 3481 3485 3486 3487
2226 2264 2265 2266 2267 2534 2535 2536 2537 2538 2539 2540 2541 2588 2589 2590 2591
2226 2227 2228 2229 2230 2271 2272 2273 2274 2275 2276 2277 2990 3058 3059 3060 3061
2226 2264 2268 2269 2270 2534 2535 2536 2537 2538
2226 2271 2272 2273 2274 2275 2276 2277
2226 2236 2240 2241 2242 2243 2247 2248 2249 2264 2268 2269 2270 2289 2290 2291 2292 2459 2502 2503 2504 2505 2534 2572 2573 2574 2575 3476 3481 3482 3483 3484
2226 2227 2231 2232 2233 2459 2467 2471 2472 2473 2474 2475 2476 2477 2478 2479 2480 2481 2485 2486 2487
2226 2257 2261 2262 2263 2534 2588 2589 2590 2591
2226 2271 2278 2279 2296 2297 2298 2299 2534 2579 2580 2581 2582 2583 2584 2585 3476 3481 3482 3483 3484
2226 2227 2231 2232 2233 2234 2235 2271 2275 2276 2277 2303 2327 2328 2329 2330 2341 2345 2346 2347 2373 2377 2378 2379 2380 2420 2421 2422 2423 2438 2442 2443 2444 2445 2446 2447 2448 2990 3058 3059 3060 3061
2226 2227 2234 2235 2380 2406 2407 2408 2409 2413 2414 2415 2416
2227 2228 2229 2230 2231 2232 2233
2227 2228 2229 2230 2271 2275 2276 2277
2236 2240 2241 2242 2250 2251 2252 2253 2257 2258 2259 2260
2236 2240 2241 2242 2243 2244 2245 2246 2250 2251 2252 2253 2264 2268 2269 2270
2236 2237 2238 2239 2243 2247 2248 2249 2289 2290 2291 2292 2296 2300 2301 2302
2236 2237 2238 2239 2240 2241 2242
2243 2244 2245 2246 2296 2300 2301 2302
2243 2244 2245 2246 2247 2248 2249
2243 2244 2245 2246 2271 2280 2281
2250 2254 2255 2256 2257 2258 2259 2260 2261 2262 2263
2250 2251 2252 2253 2254 2255 2256
2257 2258 2259 2260 2261 2262 2263 2264 2265 2266 2267
2271 2278 2279 2282 2283 2284 2285 2286 2287 2288
2271 2280 2281 2296 2297 2298 2299 2300 2301 2302
2282 2286 2287 2288 2289 2290 2291 2292
2282 2286 2287 2288 2289 2293 2294 2295 2296 2297 2298 2299
2289 2290 2291 2292 2293 2294 2295
2303 2341 2345 2346 2347 2380 2427 2428 2429 2430 2438 2439 2440 2441
2303 2348 2349 2350 2351 2359 2360 2361 2362 2373 2374 2375 2376 3488 3489 3493 3494 3495
2303 2313 2317 2318 2319 2359 2360 2361 2362 3286 3340 3344 3345 3346
2303 2304 2311 2312 2682 2706 2707 2708 2709
2303 2313 2317 2318 2319 2380 2445 2446 2447 2448 2682 2692 2696 2697 2698
2303 2327 2328 2329 2330 2348 2357 2358 2366 2370 2371 2372 2682 2738 2739 2740 2741
2303 2348 2357 2358 2759 2771 2775 2776 2777
2303 2341 2342 2343 2344 2345 2346 2347 2380 2381 2385 2386 2387
2303 2341 2342 2343 2344 2380 2438 2439 2440 2441 2682 2720 2724 2725 2726
2303 2348 2349 2350 2351 2352 2353 2354
2303 2327 2331 2332 2333 2341 2345 2346 2347 3488 3489 3490 3491 3492
2304 2305 2306 2307 2359 2363 2364 2365 2366 2367 2368 2369
2304 2311 2312 2366 2367 2368 2369 2370 2371 2372
2304 2308 2309 2310 2348 2352 2353 2354
2304 2305 2306 2307 2348 2352 2353 2354
2313 2314 2315 2316 2348 2349 2350 2351 2373 2374 2375 2376
2313 2314 2315 2316 2320 2321 2322 2323 2324 2325 2326
2320 2321 2322 2323 2324 2325 2326
2327 2331 2332 2333 2334 2335 2336 2337
2327 2328 2329 2330 2331 2332 2333
2334 2338 2339 2340 2341 2342 2343 2344
2348 2355 2356 2373 2377 2378 2379
2348 2349 2350 2351 2359 2360 2361 2362
2359 2363 2364 2365 2366 2367 2368 2369
2373 2374 2375 2376 2377 2378 2379
2380 2381 2390 2391 2682 2706 2707 2708 2709
2380 2392 2396 2397 2398 2427 2436 2437
2380 2420 2421 2422 2423 2682 2692 2696 2697 2698 2699 2700 2701 2702
2380 2392 2396 2397 2398 2399 2400 2401 2402 2682 2738 2742 2743 2744
2380 2427 2434 2435 2682 2738 2739 2740 2741
2380 2381 2388 2389 2682 2706 2707 2708 2709
2380 2445 2446 2447 2448 3286 3340 3341 3342 3343
2381 2390 2391 2392 2393 2394 2395 2396 2397 2398
2381 2382 2383 2384 2438 2439 2440 2441
2381 2382 2383 2384 2427 2431 2432 2433
2381 2385 2386 2387 2427 2431 2432 2433
2381 2388 2389 2420 2421 2422 2423 2424 2425 2426
2392 2393 2394 2395 2452 2456 2457 2458
2399 2400 2401 2402 2413 2414 2415 2416
2399 2400 2401 2402 2403 2404 2405
2399 2403 2404 2405 2406 2407 2408 2409
2406 2407 2408 2409 2410 2411 2412 2413 2414 2415 2416
2406 2410 2411 2412 2413 2417 2418 2419 2427 2436 2437
2413 2417 2418 2419 2427 2434 2435
2420 2424 2425 2426 2445 2449 2450 2451 2452 2453 2454 2455
2438 2439 2440 2441 2442 2443 2444
2452 2453 2454 2455 2456 2457 2458
2459 2474 2475 2476 2477 2478 2479 2480 2527 2528 2529 2530 2534 2595 2596 2597 2598 2599 2600 2601
2459 2502 2511 2512 2682 2745 2746 2747 2748
2459 2513 2517 2518 2519 2534 2535 2539 2540 2541 2579 2583 2584 2585
2459 2502 2503 2504 2505 2534 2565 2566 2567 2568
2459 2460 2464 2465 2466 2502 2506 2507 2508 2534 2588 2592 2593 2594
2460 2464 2465 2466 2513 2514 2515 2516 2517 2518 2519
2460 2461 2462 2463 2502 2506 2507 2508
2467 2468 2469 2470 2527 2531 2532 2533
2467 2471 2472 2473 2527 2528 2529 2530
2467 2471 2472 2473 2474 2478 2479 2480
2467 2468 2469 2470 2474 2475 2476 2477
2467 2471 2472 2473 2520 2524 2525 2526 2527 2531 2532 2533
2474 2478 2479 2480 2481 2482 2483 2484
2481 2482 2483 2484 2485 2486 2487 2488 2489 2490 2491 2495 2499 2500 2501
2488 2489 2490 2491 2492 2493 2494 2495 2499 2500 2501
2488 2489 2490 2491 2520 2521 2522 2523 2524 2525 2526
2488 2492 2493 2494 2495 2496 2497 2498 2502 2511 2512
2495 2496 2497 2498 2499 2500 2501
2495 2496 2497 2498 2502 2503 2504 2505 2520 2521 2522 2523
2502 2506 2507 2508 2509 2510
2503 2504 2505
2513 2514 2515 2516 2517 2518 2519
2520 2524 2525 2526 2527 2528 2529 2530
2534 2544 2545 2546 2547 2572 2573 2574 2575 3476 3481 3485 3486 3487
2534 2565 2569 2570 2571 3476 3481 3485 3486 3487
2534 2535 2536 2537 2538 2579 2583 2584 2585
2535 2542 2543 2595 2596 2597 2598
2535 2539 2540 2541 2572 2576 2577 2578 2579 2580 2581 2582 2588 2589 2590 2591 2592 2593 2594
2535 2542 2543 2595 2599 2600 2601 2602 2603 2604 2605
2544 2548 2549 2550 2579 2586 2587 2595 2596 2597 2598
2544 2548 2549 2550 2551 2552 2553 2554
2544 2545 2546 2547 2565 2569 2570 2571 2602 2606 2607 2608
2551 2552 2553 2554 2555 2556 2557 2558 2559 2560 2561
2558 2562 2563 2564 2565 2569 2570 2571
2572 2576 2577 2578 2595 2599 2600 2601
2579 2586 2587 2588 2592 2593 2594
2602 2603 2604 2605 2606 2607 2608
2609 2645 2646 2647 2648 2649 2650 2651 2842 2850 2851 2852 2853
2609 2652 2653 2654 2655 2656 2657 2658
2609 2645 2649 2650 2651 2842 2857 2858 2859 2860
2609 2645 2646 2647 2648 2652 2659 2660 2842 2850 2851 2852 2853
2609 2617 2618 2619 2620 2631 2632 2633 2634 3361 3408 3412 3413 3414
2610 2611 2612 2613 2652 2659 2660
2610 2614 2615 2616 2661 2665 2666 2667
2610 2614 2615 2616 2661 2662 2663 2664
2617 2618 2619 2620 2675 2679 2680 2681
2617 2618 2619 2620 2621 2622 2623 2675 2676 2677 2678
2617 2621 2622 2623 2624 2625 2626 2627
2624 2625 2626 2627 2631 2632 2633 2634
2624 2628 2629 2630 2631 2632 2633 2634 2635 2636 2637
2624 2625 2626 2627 2628 2629 2630 2675 2679 2680 2681
2638 2639 2640 2641 2642 2643 2644
2668 2672 2673 2674 2675 2676 2677 2678
2668 2672 2673 2674 2675 2679 2680 2681
2682 2683 2684 2685 2686 2687 2688 2689
2682 2720 2724 2725 2726 3504 3505 3506 3507 3508
2682 2727 2728 2729 2730 2731 2732 2733
2683 2690 2691 2713 2717 2718 2719
2692 2693 2694 2695 2752 2756 2757 2758
2699 2703 2704 2705 2706 2707 2708 2709
2699 2700 2701 2702 2703 2704 2705
2727 2734 2735 2745 2746 2747 2748
2727 2736 2737 2752 2753 2754 2755
2727 2736 2737 2745 2749 2750 2751
2727 2734 2735 2738 2739 2740 2741
2738 2739 2740 2741 2742 2743 2744
2759 2760 2761 2762 2763 2806 2810 2811 2812
2759 2806 2807 2808 2809 2815 2816
2759 2817 2824 2825 3065 3087 3088 3089 3090
2759 2760 2764 2765 2766 2817 2818 2819 2820
2759 2806 2807 2808 2809 2810 2811 2812 3065 3087 3088 3089 3090
2759 2828 2832 2833 2834 2835 2836 2837 2838 3065 3119 3120 3121 3122
2759 2792 2796 2797 2798 2806 2813 2814 3065 3066 3070 3071 3072 3108 3109 3110 3111
2759 2760 2767 2768 2806 2807 2808 2809
2759 2799 2803 2804 2805 3065 3126 3127 3128 3129 3133 3137 3138 3139
2759 2785 2786 2787 2788 2817 2826 2827 3065 3073 3074 3075 3076 3077 3078 3079
2760 2769 2770 2806 2810 2811 2812
2760 2769 2770 2817 2818 2819 2820 2828 2829 2830 2831 2835 2839 2840 2841
2760 2767 2768 2817 2821 2822 2823 2828 2829 2830 2831
2760 2761 2762 2763 2764 2765 2766
2771 2772 2773 2774 2806 2813 2814
2771 2775 2776 2777 2778 2779 2780 2781
2771 2772 2773 2774 2835 2839 2840 2841
2771 2772 2773 2774 2775 2776 2777 2806 2807 2808 2809
2778 2782 2783 2784 2785 2786 2787 2788
2778 2782 2783 2784 2799 2800 2801 2802 2803 2804 2805 2835 2836 2837 2838
2785 2786 2787 2788 2789 2790 2791 2799 2803 2804 2805 2806 2815 2816
2785 2789 2790 2791 2792 2793 2794 2795
2792 2793 2794 2795 2796 2797 2798
2792 2796 2797 2798 2799 2800 2801 2802
2799 2800 2801 2802 2803 2804 2805 2817 2826 2827
2799 2800 2801 2802 2803 2804 2805
2806 2807 2808 2809 2817 2821 2822 2823 2824 2825
2828 2829 2830 2831 2832 2833 2834
2842 2878 2882 2883 2884 2915 2983 2987 2988 2989
2842 2864 2868 2869 2870 2885 2892 2893 2915 2916 2920 2921 2922
2842 2864 2868 2869 2870 2871 2875 2876 2877 2915 2916 2917 2918 2919
2843 2847 2848 2849 2894 2895 2896 2897
2850 2851 2852 2853 2908 2909 2910 2911
2850 2854 2855 2856 2857 2858 2859 2860
2857 2861 2862 2863 2864 2865 2866 2867
2857 2861 2862 2863 2864 2868 2869 2870
2864 2865 2866 2867 2871 2872 2873 2874 2875 2876 2877
2871 2872 2873 2874 2878 2879 2880 2881
2871 2875 2876 2877 2878 2879 2880 2881 2882 2883 2884
2878 2882 2883 2884 2885 2892 2893
2908 2909 2910 2911 2912 2913 2914
2915 2951 2955 2956 2957 3361 3401 3402 3403 3404
2915 2951 2955 2956 2957 3286 3315 3319 3320 3321 3322 3323 3324 3325 3361 3394 3398 3399 3400
2915 2958 2965 2966 2967 2968
2916 2920 2921 2922 2958 2959 2960 2961 2962 2963 2964 2969 2973 2974 2975
2916 2917 2918 2919 2958 2962 2963 2964
2930 2931 2932 2933 2934 2935 2936
2937 2938 2939 2940 2958 2965 2966
2944 2945 2946 2947 2958 2967 2968
2951 2952 2953 2954 2955 2956 2957
2969 2973 2974 2975 2976 2977 2978 2979
2976 2980 2981 2982 2983 2984 2985 2986
2990 3026 3030 3031 3032 3361 3390 3391 3392 3393
2990 2991 2992 2993 2994 3033 3034 3035 3036 3037 3038 3039
2990 3019 3023 3024 3025 3026 3027 3028 3029 3030 3031 3032 3033 3042 3043 3361 3376 3377 3378 3379
2991 2992 2993 2994 3033 3034 3035 3036
2991 2992 2993 2994 2995 2996 2997 3044 3045 3046 3047
2991 2995 2996 2997 3033 3037 3038 3039 3040 3041
2998 3002 3003 3004 3005 3006 3007 3008 3019 3020 3021 3022
3005 3009 3010 3011 3026 3030 3031 3032
3005 3009 3010 3011 3033 3042 3043
3005 3006 3007 3008 3009 3010 3011 3012 3013 3014 3015
3005 3009 3010 3011 3012 3016 3017 3018 3019 3023 3024 3025
3012 3016 3017 3018 3019 3020 3021 3022
3012 3013 3014 3015 3016 3017 3018
3019 3023 3024 3025 3026 3027 3028 3029
3033 3034 3035 3036 3044 3048 3049 3050
3034 3035 3036
3065 3094 3095 3096 3097 3108 3117 3118 3361 3394 3395 3396 3397
3065 3108 3112 3113 3114 3115 3116
3073 3077 3078 3079 3080 3081 3082 3083
3073 3077 3078 3079 3080 3081 3082 3083 3084 3085 3086
3073 3074 3075 3076 3133 3137 3138 3139
3080 3084 3085 3086 3087 3091 3092 3093
3080 3081 3082 3083 3084 3085 3086 3087 3088 3089 3090
3094 3098 3099 3100 3101 3102 3103 3104
3094 3095 3096 3097 3098 3099 3100
3101 3105 3106 3107 3108 3117 3118
3109 3110 3111
3119 3123 3124 3125 3126 3127 3128 3129 3133 3134 3135 3136
3119 3120 3121 3122 3123 3124 3125
3126 3127 3128 3129 3130 3131 3132
3140 3176 3180 3181 3182 3422 3448 3452 3453 3454
3140 3183 3184 3185 3186 3190 3191
3140 3148 3149 3150 3151 3208 3212 3213 3214 3422 3448 3449 3450 3451
3140 3162 3166 3167 3168 3169 3170 3171 3172 3422 3448 3449 3450 3451
3140 3183 3192 3193 3215 3237 3241 3242 3243
3141 3142 3143 3144 3183 3187 3188 3189
3148 3149 3150 3151 3155 3156 3157 3158
3148 3149 3150 3151 3152 3153 3154
3148 3152 3153 3154 3208 3209 3210 3211 3212 3213 3214
3155 3159 3160 3161 3162 3163 3164 3165
3155 3156 3157 3158 3159 3160 3161 3183 3192 3193
3155 3159 3160 3161 3162 3166 3167 3168
3169 3170 3171 3172 3173 3174 3175
3169 3170 3171 3172 3176 3177 3178 3179
3176 3177 3178 3179 3180 3181 3182
3183 3184 3185 3186 3187 3188 3189
3183 3190 3191 3194 3195 3196 3197 3198 3199 3200
3201 3202 3203 3204 3205 3206 3207 3208 3209 3210 3211
3201 3205 3206 3207 3208 3209 3210 3211 3212 3213 3214
3216 3217 3218 3219 3258 3262 3263 3264
3223 3224 3225 3226 3279 3283 3284 3285
3223 3224 3225 3226 3227 3228 3229
3251 3252 3253 3254 3255 3256 3257
3258 3262 3263 3264 3265 3266 3267 3268 3279 3280 3281 3282
3258 3259 3260 3261 3262 3263 3264
3265 3269 3270 3271 3272 3273 3274 3275
3265 3266 3267 3268 3269 3270 3271
3272 3273 3274 3275 3276 3277 3278
3286 3329 3336 3337 3340 3341 3342 3343
3286 3322 3323 3324 3325 3361 3362 3363 3364 3365 3394 3398 3399 3400
3286 3322 3323 3324 3325 3326 3327 3328 3361 3394 3395 3396 3397 3398 3399 3400
3286 3322 3326 3327 3328 3361 3394 3398 3399 3400
3301 3302 3303 3304 3305 3306 3307
3322 3323 3324 3325 3326 3327 3328
3329 3338 3339 3347 3351 3352 3353
3329 3338 3339 3340 3344 3345 3346 3354 3358 3359 3360
3329 3330 3331 3332 3333 3334 3335
3347 3351 3352 3353 3354 3355 3356 3357
3362 3366 3367 3368 3401 3402 3403 3404
3383 3384 3385 3386 3387 3388 3389
3401 3405 3406 3407 3408 3409 3410 3411
3423 3424 3425 3426 3448 3452 3453 3454
3423 3427 3428 3429 3455 3456 3457 3458 3459 3460 3461
3430 3431 3432 3433 3469 3473 3474 3475
3455 3459 3460 3461 3462 3466 3467 3468
3455 3459 3460 3461 3462 3463 3464 3465
3469 3470 3471 3472 3473 3474 3475
1
1
3
1
3
3
3
3
3
3
2
2
1
3
3
3
3
3
3
1
3
3
3
3
3
3
1
3
3
3
3
3
3
1
3
3
3
3
3
3
1
3
3
3
3
3
3
1
3
3
3
3
3
3
2
2
2
2
1
3
3
3
3
3
3
2
2
2
2
1
3
3
3
3
3
3
2
2
2
2
1
3
3
3
3
3
3
2
2
2
2
3
1
3
3
3
3
3
3
1
3
3
3
3
3
3
1
3
3
3
3
3
3
1
3
3
3
3
3
3
1
3
3
3
3
3
3
1
3
3
3
3
3
3
1
3
3
3
3
3
3
2
2
2
2
1
3
3
3
3
3
3
2
2
2
2
1
3
3
3
3
3
3
1
3
3
3
3
3
3
3
1
3
3
3
3
3
3
1
3
3
3
3
3
3
1
3
3
3
3
3
3
1
3
3
3
3
3
3
1
3
3
3
3
3
3
1
3
3
3
3
3
3
1
3
3
3
3
3
3
2
2
1
3
3
3
3
3
3
1
3
3
3
3
3
3
1
3
3
3
3
3
3
3
1
3
3
3
3
3
3
1
3
3
3
3
3
3
1
3
3
3
3
3
3
1
3
3
3
3
3
3
1
3
3
3
3
3
3
1
3
3
3
3
3
3
1
3
3
3
3
3
3
2
2
1
3
3
3
3
3
3
2
2
2
2
1
3
3
3
3
3
3
1
3
3
3
3
3
3
3
1
3
3
3
3
3
3
1
3
3
3
3
3
3
1
3
3
3
3
3
3
1
3
3
3
3
3
3
1
3
3
3
3
3
3
1
3
3
3
3
3
3
1
3
3
3
3
3
3
2
2
2
2
1
3
3
3
3
3
3
2
2
2
2
1
3
3
3
3
3
3
2
2
2
2
1
3
3
3
3
3
3
2
2
3
1
3
3
3
3
3
3
1
3
3
3
3
3
3
1
3
3
3
3
3
3
1
3
3
3
3
3
3
1
3
3
3
3
3
3
1
3
3
3
3
3
3
1
3
3
3
3
3
3
2
2
2
2
1
3
3
3
3
3
3
2
2
2
2
1
3
3
3
3
3
3
1
3
3
3
3
3
3
3
1
3
3
3
3
3
3
1
3
3
3
3
3
3
1
3
3
3
3
3
3
1
3
3
3
3
3
3
1
3
3
3
3
3
3
1
3
3
3
3
3
3
1
3
3
3
3
3
3
2
2
2
2
1
3
3
3
3
3
3
2
2
1
3
3
3
3
3
3
1
3
3
3
3
3
3
3
1
3
3
3
3
3
3
1
3
3
3
3
3
3
1
3
3
3
3
3
3
1
3
3
3
3
3
3
1
3
3
3
3
3
3
1
3
3
3
3
3
3
1
3
3
3
3
3
3
2
2
1
3
3
3
3
3
3
1
3
3
3
3
3
3
1
3
3
3
3
3
3
3
1
3
3
3
3
3
3
1
3
3
3
3
3
3
1
3
3
3
3
3
3
1
3
3
3
3
3
3
1
3
3
3
3
3
3
1
3
3
3
3
3
3
1
3
3
3
3
3
3
2
2
2
2
1
3
3
3
3
3
3
2
2
2
2
1
3
3
3
3
3
3
2
2
1
3
3
3
3
3
3
3
1
3
3
3
3
3
3
2
2
1
3
3
3
3
3
3
1
3
3
3
3
3
3
1
3
3
3
3
3
3
1
3
3
3
3
3
3
1
3
3
3
3
3
3
1
3
3
3
3
3
3
2
2
1
3
3
3
3
3
3
2
2
2
2
1
3
3
3
3
3
3
2
2
2
2
1
3
3
3
3
3
3
2
2
2
2
3
1
3
3
3
3
3
3
1
3
3
3
3
3
3
1
3
3
3
3
3
3
1
3
3
3
3
3
3
1
3
3
3
3
3
3
1
3
3
3
3
3
3
1
3
3
3
3
3
3
2
2
2
2
1
3
3
3
3
3
3
2
2
2
2
1
3
3
3
3
3
3
2
2
1
3
3
3
3
3
3
2
2
3
1
3
3
3
3
3
3
1
3
3
3
3
3
3
1
3
3
3
3
3
3
1
3
3
3
3
3
3
1
3
3
3
3
3
3
1
3
3
3
3
3
3
1
3
3
3
3
3
3
2
2
2
2
1
3
3
3
3
3
3
2
2
2
2
1
3
3
3
3
3
3
1
3
3
3
3
3
3
3
1
3
3
3
3
3
3
2
2
2
2
1
3
3
3
3
3
3
1
3
3
3
3
3
3
1
3
3
3
3
3
3
1
3
3
3
3
3
3
1
3
3
3
3
3
3
1
3
3
3
3
3
3
2
2
2
2
1
3
3
3
3
3
3
2
2
2
2
1
3
3
3
3
3
3
2
2
1
3
3
3
3
3
3
3
1
3
3
3
3
3
3
2
2
2
2
1
3
3
3
3
3
3
1
3
3
3
3
3
3
1
3
3
3
3
3
3
1
3
3
3
3
3
3
1
3
3
3
3
3
3
1
3
3
3
3
3
3
2
2
2
2
1
3
3
3
3
3
3
2
2
1
3
3
3
3
3
3
1
3
3
3
3
3
3
3
1
3
3
3
3
3
3
1
3
3
3
3
3
3
1
3
3
3
3
3
3
1
3
3
3
3
3
3
1
3
3
3
3
3
3
1
3
3
3
3
3
3
1
3
3
3
3
3
3
2
2
2
2
1
3
3
3
3
3
3
1
3
3
3
3
3
3
1
3
3
3
3
3
3
3
1
3
3
3
3
3
3
2
2
2
2
1
3
3
3
3
3
3
1
3
3
3
3
3
3
1
3
3
3
3
3
3
1
3
3
3
3
3
3
1
3
3
3
3
3
3
1
3
3
3
3
3
3
2
2
2
2
1
3
3
3
3
3
3
2
2
1
3
3
3
3
3
3
1
3
3
3
3
3
3
3
1
3
3
3
3
3
3
2
2
2
2
1
3
3
3
3
3
3
1
3
3
3
3
3
3
1
3
3
3
3
3
3
1
3
3
3
3
3
3
1
3
3
3
3
3
3
1
3
3
3
3
3
3
2
2
1
3
3
3
3
3
3
2
2
1
3
3
3
3
3
3
1
3
3
3
3
3
3
3
1
3
3
3
3
3
3
2
2
1
3
3
3
3
3
3
1
3
3
3
3
3
3
1
3
3
3
3
3
3
1
3
3
3
3
3
3
1
3
3
3
3
3
3
1
3
3
3
3
3
3
2
2
2
2
1
3
3
3
3
3
3
1
3
3
3
3
3
3
1
3
3
3
3
3
3
3
1
3
3
3
3
3
3
2
2
2
2
1
3
3
3
3
3
3
1
3
3
3
3
3
3
1
3
3
3
3
3
3
1
3
3
3
3
3
3
1
3
3
3
3
3
3
1
3
3
3
3
3
3
2
2
2
2
1
3
3
3
3
3
3
1
3
3
3
3
3
3
1
3
3
3
3
3
3
3
1
3
3
3
3
3
3
2
2
2
2
1
3
3
3
3
3
3
1
3
3
3
3
3
3
1
3
3
3
3
3
3
1
3
3
3
3
3
3
1
3
3
3
3
3
3
1
3
3
3
3
3
3
2
2
2
2
1
3
3
3
3
3
3
1
3
3
3
3
3
3
1
3
3
3
3
3
3
3
1
3
3
3
3
3
3
1
3
3
3
3
3
3
1
3
3
3
3
3
3
1
3
3
3
3
3
3
1
3
3
3
3
3
3
1
3
3
3
3
3
3
1
3
3
3
3
3
3
2
2
2
2
1
3
3
3
3
3
3
1
3
3
3
3
3
3
1
3
3
3
3
3
3
3
1
3
3
3
3
3
3
2
2
1
3
3
3
3
3
3
1
3
3
3
3
3
3
1
3
3
3
3
3
3
1
3
3
3
3
3
3
1
3
3
3
3
3
3
1
3
3
3
3
3
3
2
2
2
2
1
3
3
3
3
3
3
1
3
3
3
3
3
3
1
3
3
3
3
3
3
3
1
3
3
3
3
3
3
2
2
2
2
1
3
3
3
3
3
3
1
3
3
3
3
3
3
1
3
3
3
3
3
3
1
3
3
3
3
3
3
1
3
3
3
3
3
3
1
3
3
3
3
3
3
2
2
2
2
1
3
3
3
3
3
3
1
3
3
3
3
3
3
1
3
3
3
3
3
3
3
1
3
3
3
3
3
3
2
2
2
2
1
3
3
3
3
3
3
1
3
3
3
3
3
3
1
3
3
3
3
3
3
1
3
3
3
3
3
3
1
3
3
3
3
3
3
1
3
3
3
3
3
3
2
2
2
2
1
3
3
3
3
3
3
2
2
1
3
3
3
3
3
3
1
3
3
3
3
3
3
3
1
3
3
3
3
3
3
2
2
2
2
1
3
3
3
3
3
3
1
3
3
3
3
3
3
1
3
3
3
3
3
3
1
3
3
3
3
3
3
1
3
3
3
3
3
3
1
3
3
3
3
3
3
2
2
2
2
1
3
3
3
3
3
3
1
3
3
3
3
3
3
1
3
3
3
3
3
3
3
1
3
3
3
3
3
3
2
2
1
3
3
3
3
3
3
1
3
3
3
3
3
3
1
3
3
3
3
3
3
1
3
3
3
3
3
3
1
3
3
3
3
3
3
1
3
3
3
3
3
3
2
2
2
2
1
3
3
3
3
3
3
1
3
3
3
3
3
3
1
3
3
3
3
3
3
3
1
3
3
3
3
3
3
2
2
2
2
1
3
3
3
3
3
3
1
3
3
3
3
3
3
1
3
3
3
3
3
3
1
3
3
3
3
3
3
1
3
3
3
3
3
3
1
3
3
3
3
3
3
2
2
2
2
1
3
3
3
3
3
3
2
2
2
2
1
3
3
3
3
3
3
2
2
1
3
3
3
3
3
3
3
1
3
3
3
3
3
3
1
3
3
3
3
3
3
1
3
3
3
3
3
3
1
3
3
3
3
3
3
1
3
3
3
3
3
3
1
3
3
3
3
3
3
1
3
3
3
3
3
3
2
2
1
3
3
3
3
3
3
1
3
3
3
3
3
3
1
3
3
3
3
3
3
3
1
3
3
3
3
3
3
2
2
1
3
3
3
3
3
3
1
3
3
3
3
3
3
1
3
3
3
3
3
3
1
3
3
3
3
3
3
1
3
3
3
3
3
3
1
3
3
3
3
3
3
2
2
2
2
1
3
3
3
3
3
3
1
3
3
3
3
3
3
1
3
3
3
3
3
3
3
1
3
3
3
3
3
3
2
2
1
3
3
3
3
3
3
1
3
3
3
3
3
3
1
3
3
3
3
3
3
1
3
3
3
3
3
3
1
3
3
3
3
3
3
1
3
3
3
3
3
3
2
2
2
2
1
3
3
3
3
3
3
1
3
3
3
3
3
3
1
3
3
3
3
3
3
3
1
3
3
3
3
3
3
2
2
2
2
1
3
3
3
3
3
3
1
3
3
3
3
3
3
1
3
3
3
3
3
3
1
3
3
3
3
3
3
1
3
3
3
3
3
3
1
3
3
3
3
3
3
2
2
2
2
1
3
3
3
3
3
3
1
3
3
3
3
3
3
1
3
3
3
3
3
3
3
1
3
3
3
3
3
3
1
3
3
3
3
3
3
1
3
3
3
3
3
3
1
3
3
3
3
3
3
1
3
3
3
3
3
3
1
3
3
3
3
3
3
1
3
3
3
3
3
3
2
2
2
2
1
3
3
3
3
3
3
1
3
3
3
3
3
3
1
3
3
3
3
3
3
3
1
3
3
3
3
3
3
2
2
1
3
3
3
3
3
3
1
3
3
3
3
3
3
1
3
3
3
3
3
3
1
3
3
3
3
3
3
1
3
3
3
3
3
3
1
3
3
3
3
3
3
2
2
1
3
3
3
3
3
3
1
3
3
3
3
3
3
1
3
3
3
3
3
3
3
1
3
3
3
3
3
3
1
3
3
3
3
3
3
1
3
3
3
3
3
3
1
3
3
3
3
3
3
1
3
3
3
3
3
3
1
3
3
3
3
3
3
1
3
3
3
3
3
3
2
2
1
3
3
3
3
3
3
1
3
3
3
3
3
3
1
3
3
3
3
3
3
3
1
3
3
3
3
3
3
2
2
1
3
3
3
3
3
3
1
3
3
3
3
3
3
1
3
3
3
3
3
3
1
3
3
3
3
3
3
1
3
3
3
3
3
3
1
3
3
3
3
3
3
2
2
2
2
1
3
3
3
3
3
3
1
3
3
3
3
3
3
1
3
3
3
3
3
3
3
1
3
3
3
3
3
3
2
2
2
2
1
3
3
3
3
3
3
1
3
3
3
3
3
3
1
3
3
3
3
3
3
1
3
3
3
3
3
3
1
3
3
3
3
3
3
1
3
3
3
3
3
3
2
2
2
2
1
3
3
3
3
3
3
2
2
2
2
1
3
3
3
3
3
3
1
3
3
3
3
3
3
3
1
3
3
3
3
3
3
1
3
3
3
3
3
3
1
3
3
3
3
3
3
1
3
3
3
3
3
3
1
3
3
3
3
3
3
1
3
3
3
3
3
3
1
3
3
3
3
3
3
2
2
1
3
3
3
3
3
3
1
3
3
3
3
3
3
1
3
3
3
3
3
3
3
1
3
3
3
3
3
3
1
3
3
3
3
3
3
1
3
3
3
3
3
3
1
3
3
3
3
3
3
1
3
3
3
3
3
3
1
3
3
3
3
3
3
1
3
3
3
3
3
3
2
2
2
2
1
3
3
3
3
3
3
1
3
3
3
3
3
3
1
3
3
3
3
3
3
3
1
3
3
3
3
3
3
1
3
3
3
3
3
3
1
3
3
3
3
3
3
1
3
3
3
3
3
3
1
3
3
3
3
3
3
1
3
3
3
3
3
3
1
3
3
3
3
3
3
2
2
2
2
1
3
3
3
3
3
3
1
3
3
3
3
3
3
1
3
3
3
3
3
3
3
1
3
3
3
3
3
3
1
3
3
3
3
3
3
1
3
3
3
3
3
3
1
3
3
3
3
3
3
1
3
3
3
3
3
3
1
3
3
3
3
3
3
1
3
3
3
3
3
3
2
2
2
2
1
3
3
3
3
3
3
1
3
3
3
3
3
3
1
3
3
3
3
3
3
3
1
3
3
3
3
3
3
1
3
3
3
3
3
3
1
3
3
3
3
3
3
1
3
3
3
3
3
3
1
3
3
3
3
3
3
1
3
3
3
3
3
3
1
3
3
3
3
3
3
2
2
2
2
1
3
3
3
3
3
3
1
3
3
3
3
3
3
1
3
3
3
3
3
3
3
1
3
3
3
3
3
3
1
3
3
3
3
3
3
1
3
3
3
3
3
3
1
3
3
3
3
3
3
1
3
3
3
3
3
3
1
3
3
3
3
3
3
1
3
3
3
3
3
3
1
3
3
3
3
3
3
1
3
3
3
3
3
3
1
3
3
3
3
3
3
3
1
3
3
3
3
3
3
1
3
3
3
3
3
3
1
3
3
3
3
3
3
1
3
3
3
3
3
3
1
3
3
3
3
3
3
1
3
3
3
3
3
3
1
3
3
3
3
3
3
2
2
2
2
1
3
3
3
3
3
3
1
3
3
3
3
3
3
1
3
3
3
3
3
3
3
1
3
3
3
3
3
3
1
3
3
3
3
3
3
1
3
3
3
3
3
3
1
3
3
3
3
3
3
1
3
3
3
1
3
3
3
3
3
3
1
3
3
3
3
3
3
1
3
3
3
3
3
3
1
3
3
3
3
3
3
3
1
3
3
3
3
3
3
1
3
3
3
3
3
3
1
3
3
3
3
3
3
1
3
3
3
1
3
3
3
3
3
3
1
3
3
3
3
3
3
1
3
3
3
3
3
3
1
3
3
3
3
3
3
3
1
3
3
3
1
3
3
3
3
3
3
3
1
3
3
3
3
3
3
3
1
3
3
3
3
3
3
3
1
3
3
3
1
1
1
1
1
1
1
1
1
1
1
1
1
1
1
1
1
1
1
1
1
1
1
1
1
1
1
1
1
1
1
1
1
1
1
1
1
1
1
1
1
1
1
1
1
1
1
