6583 476 10
1 126 364
1 2 3 4 5 6 7 8 9 10 11 12 13 14 15 16 17 18 19 20 21 22 23 24 25 26 27 28 29 30 31 32 33 34 35 36 37 38 39 40 41 42 43 44 45 46 47 48 49 50 51 52 53 54 55 56 57 58 59 60 61 62 63 64 65 66 67 68 69 70 71 72 73 74 75 76 78 79 80 81 82 83 84 85 86 87 88 89 90 91 92 93 94 95 96 97 98 99 100 101 102 103 104 105 106 107 108 109 110 111 112 113 114 115 116 117 118 119 120 121 122 123 124 125 126 127 128 129 130 132 133 134 135 136 137 138 139 140 141 142 143 144 145 146 147 148 149 150 151 152 153 154 155 156 157 158 159 160 161 162 163 164 165 166 167 168 170 171 172 173 174 175 176 177 178 179 182 183 184 185 186 187 188 189 190 191 192 193 194 196 197 198 199 200 201 202 203 205 206 207 208 209 210 211 212 213 215 216 217 218 219 220 221 222 223 224 225 226 229 230 231 233 235 236 237 238 239 240 241 242 243 245 246 247 248 249 250 251 252 253 254 255 256 257 258 259 260 261 263 264 265 266 268 270 271 273 274 275 276 277 279 280 281 283 284 286 287 289 290 291 292 294 295 297 298 299 301 302 303 305 306 307 309 310 311 312 313 314 315 316 317 318 319 320 321 322 324 325 326 329 330 331 332 334 336 337 338 339 340 341 342 343 344 345 346 347 350 351 352 353 354 355 356 357 358 359 360 361 363 365 366 367 371 372 374 375 378 379 380 383 384 385 386 387 388 389 390 393 394 396 397 401 402 404 406 408 409 410 413 414 417 418 420 421 422 423 424 426 428 435 444 445 457 474
1 363
1
1 295
1 2
1 118
1 118 125 363
1 363
1 5 138 141 299
1 2
1 2
1 126 127
1 230
1
1 112
1 446
1 230 318 433
1
1 2
1 55 400
1 118 127
1 289 380
1 297
1 365
1 318
1 318
1 419
1 368
1 125
1 2 127 149 231 363
1 15 237
2 233
2 238 296
2 232
2 395
2 125
2 127
2 10 381
2 363
2 118 233 318
2
2 125
2
2 363
2
2 125
2 10 123 126 127 231 318
2 172
2 10
2 363
2 125
2 129
3 18 297
3 75
3
3 346
3 346
3 4 55 119 349
3 181
3 327
3 240
3 346
3 411
3 395
3 130 235 290 395
3 346
3 346
3 348
3 346
3 235 346
3 17 348 402
3
3 134
3 183 382
3 15 18 132 145
3 119 252 368
3
3 459
3 20 22 127
3 17 296 395
3 240
3 235
3 20 420
3 226
3 346
3 119
3 73
3 432
3 411
3 76
3
3
3 21
3
3 130 227 235 298 346
4 131
4 16 132 314
4 135 411
4 117
4 119
4
4 300 349
4 16 132
4 132
4 117
4 448
4 402
4 135 402
4 131 314
4 16 131
4 16 119 349
4 117
4 19 350 439
4 137
4 16 132
4 76 314
4
4 132
4 397
4 397
4 117
4 117 132
4 119 131
4 132
4 136 297 332 448
4 448
4 293
4 113
4 137 227 399
5 28
5 333
5
5 299
5 365 419
5 396 419
5
5 298
5 127
5
5 22 293 465
5 30 60 294
5 126
5 143
5 437
5 418
5 25 226 298 465
5 241
5 237
5 28
5 140
5 25 240 242 299 414
5 28 333
5 240
5 391
5 44 285
5 418
5 28 240 414
5 144 392
5 240
5 347
5
5 118 230
5 334
5 421
5 238
5 240
5 28 414
5
5 298
5 225 391
5 294 369
5 418
6 216
6 283
6 449
6
6 449
6 15 117 365
6 218 431
6 218 283 408 431
6 362
6 100
6 84 283
6 215
6 216
6 216
6 102 104 219 284 285 421
6
6 20
6 135
6 100 101 286
6 283
6 114 122 192 320
6 102 103 228
6 215 375
6
6
6 177
6 418
6 285
6 44
6 7 283
6 409
6 104 284 421
6 104 394
6
6 449
7 216
7 219
7 344
7 104 222
7 152 347 405
7 108
7 325
7 107
7
7 344
7
7 217
7 217 218 445
7
7 230
7 283
7 108 288
7 344
7
7 344
7 408
7 221 344
7 426
7 222
7 325
7 284
7 99 214 407
7 374
8 438
8 228 442
8 461
8 122
8 443
8 444
8 122
8 443
8 162
8 122
8 377
8 162
8 442
8 107 249 318
8 461
8 216 281 322
8 27 114 115
8 288
8 223 328 376
8 342 376
8 443
8 9
8 443
8 9
8 121
8 374
8 228
8 122
8 443
8 122 377
8
8 9 122
8 228 444
9 393
9
9
9 442
9 122 224 444
9 89
9 377
9 377
9 105 139 360
9 122
9 224 377
9 212
9 209
9
9 377
9
9 122 401
9 121 122 228 444 461
9 444
9 443
9 91 92
9 223 444
10 128
10 128
10 128 230 295
10 123 125 318
10 230 234 364
10 381
10 381
10 124 233
10 138 141
10
10 230
10
10 297
10 297
10 267
10 57 396
10 234
10 113 146
10 381
10 314
10 138 314 399
11 391
11 418
11 452
11
11 411
11 397
11 391
11 12
11 411
11 12 327
11 365
11 134 192 348 397
11 134 327 348 365
11 402
11 25 143 240
11 348
11 402
11 365
11 396
11 27 391
11 48 49 264 439
12 327
12 348
12 327 365
12 238
12
12 419
12 419
12 238
12
12 238
12 13 348
12 238 327
12 419
12 238
12 327
12 419
12 327
12 327 419
12 402
12 348
12 238
12
12 17 20
13 326 401
13 362
13 396
13
13 293
13 235
13 422
13 327 348
13 130
13 293 327 452
13 418
13 15 293
13 432
13 20 327 432
13 14 293
13 401
13 432
13 432
13 130 432
13 432
13 327
13 407
13
13 251
13 161
13
13 22
13 130
13 327
13 14 134 348
13 14 293 411
13
13 113 327
13 130
13 424
13 240
14 226 332
14 15
14 411
14 21
14 136 411
14 135
14 190 226 397
14 117 135
14 397
14 411
14 235 348
14 136
14 349 411
14 136
14 136
14 136 411
14 349
14 332
14
14 136
14 136
14 411
14 301
14 293
14 39 325
14 135
15 419
15 237
15 237
15 365
15 237 365
15 237 419
15 137
15 419
15 346
15 365
15 198
15 237
15 226
15 365
15 419
15 360
15 133
15 237
15 421
15
15 419 421
15 236
15 365
15 348
16 134 285 396
16 18 145 420
16 448
16 132
16 117 132
16 76
16 130 235
16 132
16 132
16 448
16 119
16 76 300
16 419
16 314
16 314 402
16
16 119
16 132
16 119 132
16 360 381
16 402
16 314
16 18 20 238
16 119 290
16 135
17 420
17 238
17 296
17 144
17 18 120 134 432
17 134
17 346
17 327
17 349
17 20
17 21
17 432
17 349
17 346
17 298
17 23 25 27 145
17 227
17
17 21
17 18
17 145 349
17 349
17 18 297
17 145
17 327 411
17 346
17
18 420
18 133 420
18 420
18 349
18 145
18 346 420
18 137 297 349
18
18 420
18 145
18 346
18 145
18
18 349
18 349
18 346
18 145
18 420
18 349
18 133 145
18 133
18 134
18 134
18 420
19 135 226 332
19 137 411
19 297
19 439
19 332
19 332
19 350 411
19 399
19 119 135
19 350
19 332 350
19 227 439
19 399
19 135
19 20 227
19 297 332
19 350
19 439
19 120 131
19 227 439
19 439
19 131 137
19 350
19 227
19 350
19 227
19 332
20 170
20 27
20 294
20 21
20 298
20 30
20 21 145 411
20 59 169 352
20 61 147
20
20 266
20 240
20 346
20 297
20 227
20 420
20 169
20 56 405
20 21
20 145
20
20 50 305
20
20 323 437
20 420
20 346
20 420
20
20
20 348
21 99
21 399
21 253
21 24
21 90 91
21 460
21 228
21 29
21 351
21 227 399
21 368
21 420
21 227
21
21 226
21 137 227
21 119 133 439
21
21 290 367
21 227
21 420
21
21 324
21
21
21 432
21 227 249 399
21
21 302
21 29 390
21 226 297 411
21 399
21 58 226
21 227
21 391
22 25
22 465
22 414
22
22
22 437
22 395
22 465
22 26 140 141
22 76
22 76 395
22 437
22 437 465
22 465
22 465
22 419
22 28
22 141
22 141
22 76 395
22 76
22 25 26 87
22 76
22 76
22 76
22 138
22 76 437
22 139 298 395
22 26
22 298 437
22 141
22
22 437
23 29 437
23 29
23 132
23 117 396
23 421
23 138 239
23 24 138 390
23
23 390
23 145
23 24 138 239
23 139
23 162 277
23 421
23 79 80 263 436
23 25 29
23 29 145 432
23 148
23
23 117
23 447
23 24 139
23 142
23 26 421
23 129
23 142 237
24 26 140
24 351
24 239
24 140 238
24 239
24 239
24 28 391
24 138 386
24
24 391
24 25 391
24 351
24 239
24 25 138 239
24 351 390
24 29 390 433
24 391
24 138 139
24 239
24 130 235 240
25
25 26 139 391
25 26
25
25 26
25 39
25 26 27 130
25 351
25 139 333
25 236 298
25 240 333 391
25 234 392
25 26
25 295
25 139
25 138 348 391
25 26 139
25 124
25 26 293 395
25 459
25 351
25 295
25
26 226
26 465
26 414
26 318
26 300
26 139 142 145
26 383
26
26 242 390
26 140 141
26 27 140 141
26 294
26 113
26 140
26 141
26 141
26 300
26 145 300
27 240
27 401
27 115 326 425
27 391
27
27 28 138 240 391
27
27 144 225 241
27 326
27 425
27 372
27 115 425
27 138 391
27 326
27 414
27 225
27 390
27 425
27 240
27 30 235 240
27 291 377
27
27 137
27 326
27 139 242
27 419
27 240
27 175 236
27 223 326
27 310
27 326
27
27 241 333
27 144
28 376 414
28 414
28 225
28 299
28 225
28 414
28 142 390 414
28 414
28
28 414
28 29 140 141
28 29 140 142
28 241
28 142 333
28 333
28 241
28 414
28 142 392
28 299
28 414
28
28 333
28 225
28 96
28 240 414
28 141
28 300
29 437
29 300
29 89
29 432 437
29 390
29 432
29 300
29 432
29 437
29 300
29 437
29 300
29 432
29 299
29 390
29 139 300
29 437
29 432
29 437
30 335
30 152 453
30 31 150 294 427
30 150
30 31 146
30 31 147
30 32 366
30 246 427
30 132
30 353
30 453
30 334
30 347
30 246
30 453
30 147
30
30
30 294
30 244 286
30 152 168
30 353
30 33 243 244 246
30 363
30 186
30 246
30 150 352
30 424
30 236
30 453
30 243
30 243
30 366 453
30
30
30 147 364
30 244 301
30 243
30 44 77 79 160 329
31 347
31 119 373
31 414
31 347
31
31 201
31
31 101 246 301 366
31 302 366
31 366
31 32 150 366
31 44
31 33 152 168 353 364 453
31 150 302
31 246
31 301
31 146
31 146 150
31
31 146
31 366
31 244 366
31 146
31 152
31 301 364
31 146 301 347
31 347
31
31 301
32
32
32 148 352
32 366
32 181
32 428
32 302 366
32 149 150 243 301 302
32 353
32 75 329
32 302 347
32 178 371
32 256
32
32 428
32
32 63
32 173 306
32 366
32 46
32 366
32 148
32 148
32 245
32 246
32 366
32 329
32 366
32 428
32 33 352
32 178 371
33 157 251 413
33 258
33 36 78 80 174
33 353
33 427
33 243
33 152 168
33 132
33 246
33 427
33
33 151
33 79
33 427
33 132
33 152
33 172 258 298 323 427
33 352
33 55
33 168 353
33 294
33 363
33 44 172
33 147 149 150 457
33
33 171
33 132 427
33
33 357
33 152 168
33 372
33 43 57 71 75 267
33 81 427
33 51 66 257 258 429
33 248 367
33 427
33 74 147 152 302
33 427
33 168 353
33 310 372
33 427
33 132
33 243 246 427
33 152 353
33 302 427
33 352
34 38 156 334
34 155
34 248 428
34
34 303
34
34 428
34 428
34 38
34 248
34 38
34 38
34 37 428
34 428
34 303 334
34 334
34 403
34 153
34 157 247
34 157
34 354
34 38 249
34 156
34 156 403
34 35
34 35 37 158 334
34 38 249
34 156 354
35 354 399
35 474
35 249 354
35 249
35 399
35 156
35 354
35 399
35 148 167 198 316
35 354
35 354
35 354
35 157 403
35 248
35 354 399
35 399
35 354
35 154 303
35 77 149 199
35 399
35 354
35 403
35 354 399
35 243
35 403
35 399
35 37 158
36
36 48 412
36 63
36 79
36 79
36 37
36 184
36 187 441
36 159 249 354
36 303
36 37
36 303
36 82 330
36 79
36 65 134
36 78
36 78 79
36 58
36 184
36 47
36 61
36 79
36 78 79 386
36 184
36 74 188
36 182 434
36 186 441
36 79
36 182 441
36 49 265
36 62
36 146
36 78 80
37 153
37 154 419
37 351
37 158
37 303
37 158
37 418
37 250
37 159
37 134 154 159 382
37 250
37 250 303
37 58 355
37 250
37 250
37 73 74 334
37 428
37 155
37 303
37 159 250
37 77
37 428
37 134 157 249 403
37 250
38 248
38 156
38 154 159 403
38 248
38 367
38 440
38 168 428
38 249
38 154 303
38 334
38 403
38 153
38 249
38 157 159 249 334
38
38 158 334
38 159 303
38 154 158 303
38 156 158
38 334
38 248
38 114 169
38 249
38 167 248
39 158 332
39 188
39 248
39 159 250 303
39
39 161
39 112
39
39
39 40 400
39 159 160
39 157 250
39 248
39 153
39 147
39 303
39 369
39
39 421
39
39 158
39 369
39 369
39
39 369
39
39 255
39 153 159 248 382
39 367
39
40 160
40 387
40 165
40 400
40 163 164 166 170 254 292
40 243 354
40 387
40 159
40 161
40 41 170 252 368
40 248
40 400
40 82 101 386
40 335 352 400
40 440
40
40 155
40
40 248 440
40 294
40 163
40 440
40 118 159 254
40 440
40 303
40 248
40 335
41 163 336
41
41 383
41 336
41 336 368
41 336
41 368
41 164 165 169 186 369
41 252 368
41 164 383
41 165 383
41
41 323 337 351
41 427
41 164 167
41 167 383
41 252 368
41 251 336
41 160 165
41 128
41 165 383
41
41 251
41 168 368 369
41 264
41 261
41
41 163 369
41 336
41 433
41 227 383
41 336
41 165 433
41 162
41 154 252
41 251
41 83
41 167 383
41 427
41 368
41 165 166 171
41 433
41 167
41 164
41 253 433
42 336 369
42 433
42 162 254
42 110 146 259
42 252 433
42 43
42 367
42 336
42 433
42 433
42 252 383 433
42 43
42 162
42 43
42 141 335
42 43
42 383
42 336
42 147
42 178 283
42 43
42 43
42 336
42 252 433
42 43
42 251 368
43 252 383 433
43 252
43 238
43 253
43 368 383
43 252
43 369
43 446
43 164 251
43 383
43 252
43 164 165 166 294 335 387
43
44
44 45
44 257
44 441
44 406
44 45 59 78 429
44 226
44 133
44 62 184
44 441
44 187
44 65
44 133
44 133
44
44 256 429
44 257
44 69 75 186
44 441
44
44
44
44 257 258
44 126
44 233
44 137
44 67
44 67 70
44 172 257
44 45 172
44 186
44 79 258
44 441
44 61 65 74 259 398
44 392
44
44 257 258
44 184
45 256
45
45 258 259 406
45 47 173 306
45
45 178 258
45 306
45 256 258
45 178 258
45 69
45 429
45 47 442
45 153 251
45
45 429
45 338
45 110 132
45 258 429
45 337
45 161
45 337
45 356
45 259
45 79
45 429
45 285
45
45 429
45 371
45
45 259
45 47 175
45 154 159 162 250 368
45 256
45 258 266 371
45 305
45
45 387
45 337
45 257
45
45 337
45 371
46 174
46 337
46 256
46 53 79 180 337 410
46 229
46 410
46 119 148 176 180 239 290 306
46 439
46 305 306 323
46 439
46 239
46 177
46 439
46 79 177
46 410
46 395
46 52 179 263
46 447
46 323
46 53 262
46 239
46 305
46 176 410
46 48 177
46 323 410
46 167 169 255
46 305
46
46
46 63 74 143 355
46 174
46 54
46 262
46 133 258 371
46 439
46 398
46 256
46 447
46 146 263
46 256
46 149 168 253
46 410
46 439
46 48
46 214
46 174 306 435
47 260
47 177
47 176
47 180
47 176
47 176
47 410
47 338
47
47 177
47 146 172 181
47 177 370
47 177 323
47 176 337
47 175 260 261
47 442
47 176
47 337
47 410
47 175 337
47 178
47 410
47 337
47
47 337
48 384
48 129
48 307
48 261
48 384
48 442
48 50 384
48 386
48 178
48 77 338 466
48 422
48
48 263
48 174
48 260 384
48 306 384
48 133 172 256
48 50 71 422
48 181 256
48 51 178 179 261
48 261
48
48
48
48 384
48 175
48 178 388 447
48
48 186
48 177 330
48 140
48 239
48
48
48 384
49 173 174 370 422
49 264
49 264
49 447
49 73 75
49 72 340
49 447
49 50 179 180
49 176
49 175
49 442
49 264
49 74 75 267
49 261
49
49 178 179 338 371
49 180 239 305 410
49 266
49 181 260
49 398
49
49 54 77
49 263
49 51 178
49 264
49
49 75
50 388 447
50 262
50 263
50 388
50 406
50 351
50 51 388
50 447
50 51 263 388 447
50 262 264
50 52 54 264
50 447
50 447
50 262
50
50 51 406
50 262 263
50
50 263
50 447
50 406
50
51 406
51 406
51 263
51 262
51 263
51 178
51 262 263
51 239 388
51 262 263
51 406
51 406
51 263
51 262 263
51 146
51 406
51
51 146
51 262 263
52 422
52 181
52 264
52 338
52 53 264
52 179 406
52 259 264
52 179 263 264
52 53
52 53
52 180 338
52 338
52 54 264 330
52 338
52 180
52 264
52 338
52 198 279 337
52 264
52 338
52 439
52 181
52 442
52 79 403
52 329
53
53 74
53 340
53 71
53 266
53 330
53 75
53 430
53 71
53 71
53 211
53 113 365
53 407
53 71 75
53
53 266
53
53 281
53 370
53 63 74 266
53 401 443
53
53 71
53
53 343
53 266
53 264
53 389
53 71
53 304
53 301
53 203 273 432
53
54 310
54 340
54 340
54 75 388
54
54 167 248
54 384
54 170
54 81 339 398
54 357
54 384
54 266
54
54 340 458
54 71
54 367
54 291 331 390
54 309
54 264
54 442
54 266
54 405
54 75 340
54 75
54 308 309
54 340
54 264
55 258 329 412
55 339
55
55 310
55 61 243 389 432
55 70
55 339
55 339
55 76 77 177
55 329
55 70 339
55 307 355
55
55 356
55 441
55 75 357
55 441
55 405
55 61
55
55
55 384
55 61 405
55 304
55 146 330
55 355
55 441
55 59 60 61 70 405
55 384
55 139 334
55 329
56 309
56 65 398
56
56 329
56 65
56 356
56 64
56 65
56 356
56 356
56 183 309
56 182 339
56 185
56 185
56 273 412
56 183 434
56 67 68 70 186 187
56 75 183
56 356
56 355
56 329
56 64 265
56 398 412
56 67 355
56 185
56 64 185
56 146
56 66
56 66 447
56 309
56 406
56 257
56 57 183
56 309 447
56 434
56 329
56 185
56
57 458
57 184
57 58 372
57 58 309
57 184
57 71 75
57 355
57 166 185 330 372
57 184
57 429
57 429
57 372
57 388
57 66 329
57 429
57 64 175 355 429
57 357
57 307
57 75
57
57 355
57 58 184
57 68 187 194
57 309 441
57 355
57 407
57 310
57 252 295 316
57 72 388
57 75
57
57 372
57 357
57 442
57 71 266 267 388
57 412
57 357
57 339
57 59 66 384
57 58
58 307 355
58 62
58 59 60 62 307 405
58 339
58 119
58 183 309
58 355
58 422
58 309
58 212 280
58 81 248
58 405
58 184
58 183 184
58 184
58 184
58 308
58 61
58 308 451
58 309
58 184
58 70 182 184 308
58
59 307
59 60 405
59 64
59 62 329
59 405
59 329
59 60 183 470
59 63
59 305
59 356
59
59 60 64 185
59 182
59 60 62 339 405
59 329 441
59 62 405
59 60 61
59 405
59 60
59 405
59 329
59 307 309
59 405
59 62
59
59 66
60 61
60 183 308
60 334
60 405
60 65 66 307 309 434
60 262 422
60 248
60 61 183 184 405
60 61
60 184 309 384
60 329 405
60 159
60 182 356
60 63
60 61 183
60
61
61
61 63 184 339
61 245 405
61 72 185 227
61 405
61 245
61 405
61 355
61
61
61 329
61 307
61
61
61 151
61 329
61 367
61 405
61 184
61 275
61 405
61 186
62 184
62 184
62 184
62 262
62 184
62 308 405
62 308 405
62 73 181
62 308
62 64 65 74 429
62 70 307 398
62 63 184
62 309
62 79
62 71
62 69 357
63 251 336 367
63 153 248
63 74
63 430
63 183
63 80 243
63 74 267
63
63 184
63 184
63 177 267 404
63 310 353 372
63 116 200
63
63 74
63 88
63 74
63 74 310 357
63 74
63 182 184
63 83 413
63 74
63 184
63
63 74
63 184
63 83
63 93 361 404
63
64 68
64 185 412
64
64 191 418
64
64 167
64 412
64
64 68
64 185 412
64 355
64 412
64 265
64 336 412
64 253
64 188
64 185
64 164
64 163
64 69
64 265 412
64 265
64 265 412
64
64 67 412
64 265 267 412
64
64 304
64 412
65 398 412
65 67 398
65 412
65 81
65 405
65
65 398
65 412
65 412
65 398
65 398
65 412
65 412
65 339 412
65 66 412
65 185
65 273
65 412
65 412
65 185
65 339
65 398
66 113
66 93 443
66 228
66 401
66 447
66 115
66 329
66 444
66 309
66 309
66 377 401
66 103 113 291 359
66 309
66 185
66 309 434
66 328
66
66 339
66 224 328
66 113 377
66 115 328
66 242
66 377
66 295 432
66 183
66
66 183 309
66 309
67 355
67 77
67 303
67 429
67 187
67 187
67 259
67 77 187
67 187
67 467
67 70 398
67 184
67 355
67 186 187
67 441
67 77 184
67 187 356
67
67 429
67 181
67 398
67 398
67 266
67 398
67 355 429
68 187
68 69 70 153 188 356
68
68 186 187
68
68 441
68
68 187
68 356
68 445
68 356
68 356
68 356
68 187
68 389
68 329
68
68 186
68 275 356
68 186
68 187
68 441
68 233
68 171
68
68 356
68 439
68 184 185
68 177 356
68 351 468
69 409
69 128 295
69 224
69 280
69 404
69 134
69 439
69 112 290
69 112 404
69 222
69 290
69 443
69 259
69
69
69 249
69 70
69 438
69 112
69 112 212
69
69 404
69 148
69 112
69 409
69 112 224 280 290
69 194
69 112
69 350
69 408
69 77
69 222
69 467
69 415
69 153
69 409
69 404
70
70 77 398
70 398
70 181
70 339
70 398
70 77 186
70 398
70 112
70 75 308
70 339
70 398
70
70 274
70 77
71 319
71 77
71 439
71 357 388
71 75
71 76 239 335 357 443
71 73 80 147 414
71 76
71 112 241 356
71 76
71 77
71 76 310
71 74
71
71 266
71 76
71
71 77
71 76 181 260
71 92
72
72 388
72 75
72 261 357
72 181
72 388
72 75
72 261
72 267
72 74 372
72 325
72 267 388
72 310
72 324 346
72 266
72 75 388
72 310
72 181
72 261 266
72 73
72 267
72 310 372
72 267
72 267
72 267 388
73 267 357
73 447
73 181
73 263
73 422
73 340 388
73 274 351
73 266 267 388
73 181
73 79
73 267
73 267
73 75
73
73
73 263
73 388
73 372 388
73 310
73 388
73 404
73 74 261 386 388
73
73 181
73 74 203
73 267
73 447
73
73 267 310 372
73 372
73 388
74 372
74 372
74 357
74 81 386
74 440
74 310
74 372
74 81
74 119 149 180 251
74 162 253 368
74 330
74
74 82 188 386
74 80 330
74 82 305
74 260
74 267
74 182 372
74 372
74 335 440
74
74 78 82 458
74 310 357
74 310
74
74 310 372
74 308 339
74 188 330
74 80 330
74
74 266
74 310 372
75 340 404
75
75 267
75
75
75 388
75 340 372 404
75 267
75 82
76
76 136 145 297
76 395 437
76 226 253
76
76 429
76 181 452
76 233 418
76 395
76 314
76 395
76 123
76 395
76 300 411
76 138 241 296 348
77
77 186 187
77 181
77 398
77 186
77 398
78 257
78 257
78 386
78 436
78 257 386
78 257
78 330
78 330
78 82
78
78 257
78 330
78 149
78 330
78 149 386
78 330
78 436
78 356
78 177
79 89 379 430
79 82 188 386 436
79 251
79 317
79
79 204
79 471
79 330
79 199
79 328 421
79 333
79 243
79
79 188 372
79 317
79
79 198
79
79 140
79 317
79 315 316 454
79 201 317
79 360
79 435
79 393
79 402
79 405
79
79 405
79 317
79 386
79 113
79
79 337
80 386
80 82
80 386
80 436
80 330 386
80 386
80 363
80 81
80 82 330
80 427
80 81
80 303
80 436
81 82
81 245
81 152
81 386
81
81 233 331
81 330
81 331
81 186 238 296 346
81 151 244 246
81
81 151 246
81 151 152 302 364
81 441
81 341
81 427
81 151 245
81 427
81 388
81 245
81 151 168
81 314
81 188
81
82
82 386
82 330 386
82 340
82
82 266
82 177 386
82 188
82 440
82 110 154 239
82 330
82 126 165
82
82 440
83 373
83 236 347
83 289
83 373
83 192 268 270 341 418
83
83 268
83 270
83 192 373 389
83
83
83 268
83
83
83 415
83 373
83 271 389
83
83 270
83 270
83 314 341
83 291
83 268
83 373
83 191 268 373
84
84 312
84 430
84 86 379
84 197
84 89 393
84 85
84 276
84 435
84 379
84 277 423
84 85
84 88 89
84 197
84 378
84 314
84 86
84 276
84 378 437
84 312
84 85
84 423
84 312
84 86
84 379
84 89
84
84 85 378
84 378
85 430
85 189 233 445
85 229 444
85 199 445
85 121
85 205 313
85 343
85
85 88 360
85
85 89 275 312
85 199 428
85
85 445
85
85 121
85 445
85 121 199 277
85 379
85 86 199
85 315
85 389
85 435
85 207 415
85 313
85
85 277 316
85 212 261 357
85 313
85 280
85 445
85 313
85 313
85
85 199 200 373
85 313
85 277
86 87
86 259 438
86 117 135 396 419
86 88 415
86 360
86 90 199 249 360
86 415
86 147
86 360
86 249
86 89
86 324
86 110
86 207 379
86 109 220
86 110
86 271 360
86 430
86 379
86 220 324
86 87 89
86 110
86
86 379
86 109
86 207 415
86 109 438
86 379
86 438
86 360
86 304
87 455
87 195 273
87 455
87 314 378
87 89 358
87 430
87 360
87 96
87 360 415
87
87 312 358
87 89
87 89 207 415
87 89 96 97 345
87 248 296
87 89
87 360 430
87 88
87 207 415
87 415
87 360 455
87 207
87 313
87 169 203
87 88 430
88
88 313
88 415
88 455
88 207 415
88 430
88 207 415
88 207
88 207
88 270
88 415
88 89
88 455
88 227 341
88 207 379 415
88 313
88 455
88 103 361
88 415
88 360
88 455
88 313
88 207
88 415
88 274 342
88 89
88 415
88 379
89 121 461
89 313
89 279
89 279
89 275 312
89
89
89
89
89 313
89 360
89 414
89 379
89
89 430
89
89 312
89 415
89 198
90 92 380
90 92
90 108 182 323
90 416
90 91
90 91
90
90 92
90 91 92
90 319
90 92
90 416
90 416
90 92 319
90 210
90 114 116 214 280
90 289
90 92 354 368
90 416
90 319
90 416
90 161 367
90 319 361 416
90 92
90 93 416
90 408
91 416
91
91 99
91 102 104 110 283
91 217 375 424
91 410
91 378
91
91 92 361
91 380
91
91 280
91 222
91 361
91 443
91 92 380
91
91 160
91
91 105
91
91 92 380
91
91 380
91
91
91 219
91 107 283
91
91 92 211 416
91 92
91 179
91 380
91 438
91 361
92 416
92 93
92 216 408
92 93
92
92 179
92 418
92 409
92 319
92 103 218 374
92 380
92 416
92 113 289
92 213 321
92
92 289
92
92 103
92 361
92 407
92 112 443
92
92
92 191 361
93 408
93 281
93 374
93 94 208 281 282 374
93 98 99 213 281 445
93 99
93 99 214 282
93 281
93 212
93 375 431
93 443
93 100 109
93 99 281 394
93 191 319 380 409
93 374
93 319
93 344
93
93 443
93 380
93 416
93 96
93 374
93 319
93 404
93 374
93 361
93 416
93 443
93 443
93 374
93 281
93 374
93 218 219 228 276 319 375 431
93 212 374
94
94 418
94 463
94 394
94 211
94 345 394
94 123 230 241 247 333
94 280 463
94 209 213 282
94 209
94
94 96
94 320
94 463
94 463
94 101 102 103 321 322 355 361
94 280
94 210 394
94 463
94 224
94 292 433
94 209 213
94 209
94 320 321
94 321
94
94 214
94 321
94 212 281
94 209
94 222
94 208 374
94 199 211
94 463
95 110 418
95 418
95 280
95 394
95 209
95 218
95 463
95 418
95 282
95 321
95 281
95 280 321
95 98 214 282 321
95 362
95 213
95 97 282
95 281
95 99 282
95 418
95
95
95 97 199 320 445
95 280 321
95 97 211 407
95 209 418
95 282
95 321
95 98
95 268 418
95 213 282
95 97
95
95 268 269 367 373
95 208 281
95 282
96 362
96 408
96 359
96 418
96 216 377
96 101 284 394
96 421
96 100
96 345
96 345
96 216
96 424
96 282
96 106
96 198 290 298 438
96 424
96 97 98 105 191 225
96 418
96 101
96
96 208
96 424
96 106 212
96 138
96
96 424
96 106 408
96 345
96 101
96 424
96 284
96 102
96 113
96 408
96 286
97 211
97
97 449
97 213 374
97 212
97
97
97 211 280
97 98 212 374
97 211 214 407
97 424
97
97 321
97 209 214 221 281
97 345
97 209 211 320
97 431
97 323 328 404
97 209 212 320 463
97 98
97 342
97 213 374
97 101 284
97 209
97 431
98 374
98 152
98 213
98 213
98
98 214
98 211
98 280 401
98 213 407
98 213 407
98 282
98
98 139 320 437
98 211
98 168
98 374
98 374
98 213 374
99 214 228 282 345
99 214 282
99 282
99 211 214 282
99 282
99 407
99 208 407
99 407
99 282
99 404
99
99 211 214
99 407
99
99 100 191
99 282
99 282
99 282
99 282
100 211 218 221
100
100
100 288 324 394
100 108
100
100
100 140
100 109
100 108
100 108 449
100
100 287
100 108
100 140
100 108 287
100
100 409
100 273
100 217
100 311
100 209 359
100
100 235 293 395
100 443
100 109
100 416
100 344
100 409
100 194
100 259 324
100
100 224 287 377
100 287
100
100
101 425
101 215
101 421
101 362
101 375 431
101 424
101
101 322
101 102 286
101 286 322 362
101 322
101 286
101 103
101 322 359
101 322
101 425
101 111
101
101 106 375 408
102 322
102 126 363
102 322 359
102
102 126
102 432
102 118
102 285
102 362
102
102 212 404
102 215 362
102 295 318
102 127
102 362
102 127
102
102 446
102 446
102 118 233
102 107 217 286 431
102
102 286 362
102 286 362
102 421
103 425
103 361 418
103 322 362
103 215 322
103
103 112 290
103 362
103 361
103
103 362
103 425
103
103 286
103 172
103 286
103
103 416
103 172 362
103 362
103 116 296 425
103 416
103 361
103 286
103 322
103 425
103 104 109 394
104 290 293 336
104 110 288 324
104 105
104 111
104 349
104 324
104 394
104 394
104 222
104 394
104 222
104 108 288 438
104 297
104 394
104 394
104 111 324
104 110 324
104 344
104 220
104 222
104 394
104 394
104 324
104 110
104 319 380
105 409
105 421
105 409
105 394
105 215
105 449
105 394
105 106 215
105
105 284
105 421
105 215
105 284
105 394
105 408
105 421
105 284
105 421
105 107 426
105 106 408
105 322
105 322 362
105 285
105
106 426
106 431
106 408
106 421
106 408
106 408
106 375
106 375
106
106
106 408
106 118
106 284 322 421 426
106 217
106 408
106
106 217 219 408
106 408
106 284
106 431
106 375
106 284
106 426
106 431
106
106 408
106 107
106 284 362
106
106 216 286
106 110
106 408
106 325
106 426
106 215 394
106 286
106 344
106 325
106 216 408
106 375
106 217
106 408
107 283
107 426
107 426
107 219
107
107
107 218 375
107 219 283
107 426
107 362
107 218
107 426
107 283
107
107
107 218 222 283 321
107 218 285
107 217
107 426
107 426
107 218
108 109 221
108 323
108 288
108
108 449
108 287
108 344
108
108 288 325 344
108 288 449
108 325
108 443
108 109
108 287
108 424
108
108 288
108 449
108 217 219
108 394
108 219
108 217 220
108 287
108 259 325 345 409
108 344
109 285
109 111
109 409
109 220
109 220 344
109 285 323
109 449
109 220
109
109 221 222 344
109 111
109 111 325
109 111 220 287 325 438
109 324
109 324
109 220
109 324
109 344
109 324
109 449
109 220
109 325 438
109 111 438
110 449
110 280 323
110 221
110 323
110 221
110 449
110 220 222
110 344
110 221
110
110 221
110 280
110 221 259 438
110 449
110 281
110 280
110 449
110 220 394
110
110 280
110 221 344
110 280
110 221
110 323
110
110 324 344
110 221
111 449
111 438
111 449
111
111 220
111 220
111 288
111 287 438
111 286
111 222
111 220
111 288
111 288
111 288 438
111 288
111 279 280 416
111 220
111 438
111 283
111 288
112 443
112 443
112 218
112 443
112
112 426
112 289
112 443
112 443
112 404
112
112 404
112 280
112 404
112
112 280
112 404
112 217 218 219
112 290
112 443
112 290
112 404
112 404
112 290
112 188 358
112 407
112 443
113
113 233 364
113 289
113 115
113 224 401
113 326
113 225
113 409
113 121 291 401
113 327
113
113 121
113 447
113 401
113 359
113 380 416
113
113 444
113 114 115 121 221 224 314 402
113 116
113 115 228 291 444
114 225 425
114 425
114
114 326
114 115
114 425
114 116
114 122 292
114 326
114 252 268 401
114 326
114 116
114 116
114 225
114
114 115
114 224
114 425
114 116 425
114 224
114 115
115 291 401
115 401
115 376
115 291 326 401
115 425
115 425
115 326
115 291
115 401
115 326
115 425
115 408
115 401
115 291 401
115 279
115 401
115 291 292
116 193 270
116 425
116 389
116 271
116 270
116 271
116 229
116 229
116 270
116 268 272
116 270
116 193 269 373
116 272
116 273
116 373
116 269 272
116 272
116 373
116 373
116 229 292
116
116 272
116 373
116 189 196 272
117 289
117 236 238
117
117 293
117 365
117 236
117 348
117
117 448
117 137
117 348
117
117 236 418
117 135 448
117
117 237
117
117 448
117 135 238 419
118 318
118 332
118 123
118 299
118 233
118 439
118 127 363 381
118 439
118 123
118 297 332
118 125
118 125
118 226
118 293
118
118 123
118 124 129 238
118 332
118 124
118 332
118 124
119 411
119
119 136
119 411
119 135
119 365 419
119 132
119 135 350 411
119 195 274 331
119 182 439
119 448
119
119 138 311 381 446
119 136
119
119
119
120 226
120 420
120
120 131 420
120 144 392
120 420
120 136
120
120 136
120
120 131 226
120 420
120 349
120 411
120 144
120 420
120 137 420
120 331 420
120 131 226
120 296
120 327
120 226 420
120 297 346 349
120 420
120 297
120 293
120 420
120 397
120
121
121 279
121 461
121 200
121
121 202
121 200
121
121 313
121 430
121 277 315
121 377
121
121 444
121 461
121 378 435
122
122 224 342
122 443
122 223
122 444
122 292
122 442
122 223 224
122 223
122 224
122 394
123
123 381
123
123 124
123 381
123
123 124 381
123 124
123 124
123
123 381
123 125 346 381
123 124 233
123 381
123
123 124
123 124
123
123
123 124 381
124 233
124 296 381
124 233
124
124 233
124 280 335
124 233
124 231 234
124 420
124 211
124 142 262
125 400
125 245
125 234
125 127
125 126 231 234
125 331
125
125 127
125 231 234
125 390
125 232 233
125 390
125 231
125 231
125 129 318
125 234 433
125
125 331
125 233 331 419
125 127 234
125 231
125 390
125 433
125 232 364
125 320 446
126 363
126 149 231 363
126
126 433
126 128 234 364
126 318 433
126 363
126 381
126 127 231
126 232
126 231 363
126 232 390
126 232
126
126 127
126
127 231 433
127 231
127 390
127 237
127 129
127 433
127 364
127
127 422
127 433
127 231
127 433
127 390
127
127 250
127 433
127 232 318
127 446
127 433
127 234 390
127 231 233 331
127 230 364
127
127 231 232 364
127 231 232
128 459
128 295
128 295
128 295
128 433
128 427
128 144
128 233
128 295
128
128 129 295
128 295
128 295
128 129 295 318
128 295
128 295
128 231 364
128
128 129 295
128 200
128 318
128 129
128 129 459
128
128 295
128 459
128 295
129 318
129 159
129 318
129 230
129 318 363 381
129 459
129 318
129 318 331
129 318
129 135
129
129 381
129
129 230
129 318
129 411
129 359
129 318
129 318
130 396
130 235 397
130 346
130 230 402
130 235
130 235 240 425
130 395
130 235
130 397
130 396 432
131 420
131 349
131
131 227 350
131 346
131 402
131 349
131 349
131 420
131 402
131 420
131 137
131 132 235 402
131 420
131 136 137
132
132
132 427
132 427
132
132 243 353
132 246
132 427
133 371 412
133 439
133 258
133 134 346
133
133 293 365
133
133 429
133 258 371
133 256
133 256
133 371
133 256
133 261
133
133 371
133 258 371
133 256
134
134
134 157 369
134 403
134 327 452
134 349
134 346
134 382
134 156 157 159 303
134 348
134 159
134 403
134 403
134
134 235
134 452
134 382
134 250
134 153 382
134 346
134 153
134 159 382
134 369
134 267 357 372
134 369
134 420
134
134 452
135 227 350
135 237 365 419
135 411
135 293
135 448
135 349
135 411
135 136
135 136 332
135 448
135 136
136 346 411
136 411
136 349 411
136 399
136 137 350
136 452
136 297
136
136 227 297
136 411
136 411
136 411
136 297
136 411
136 297
136 411
136 346 411
137 411
137 420
138
138 364
138 302
138 386
138 391
138 239
138
138 141
138 350
138 391
138 391
138
138 391
138 391
138 224 377
138 240 333 390 414
138
138
139 300
139 140 351
139 432
139 351
139 300
139 437
139 142
139 437
139 360
139 300
139 239
139 143
139 437
139 140 351
139 351
139 437
139
139 351
139 318
139 140
140
140 141 299
140 351
140 240
140 299
140 465
140 351 391
140 414
140 465
140 141 300
140 392
140 141 414
140 143 392
140 351
140 432
140 433
141 414
141 299 414
141 397
141 142
141
141 343
141 390
141 414
141 276
141 315
141
141 299 390
141 390
141 142 299
141 414
141 312
141 414
141 414
142 392
142 242
142 432
142 432
142 143 392
142 300
142 333
142 144 241
142 241 293 386
142
142 260
142 144 240 242
142 225 299
142 225 241
142 333
142 390
142 432
142 241
142
142 327
143 169
143 392
143 333
143 386
143 391
143 241
143
143 392
143 392
143 392
143 241
143 144
143
143 391
143 392
143 392
143 172 280
143 242
143 333
143 241
143 241
143 392
143 241
143 242
143 333
143 333
143 392
144 392
144 392
144 225
144 391
144 392
144 333
144 225 392
144 392
144 391
144 242
144 290
144 241 391
144 241 391 392
144 241
144 242
144 225
144 225 242 392
144 392
144 241
145 411
145 297 349
145 297
145
145 432
145 349
145 297 432
145 349 432
145 297 432
145 349
145 433
145
145 349
146 414
146
146
146 414
146 147
146 350
146 295 314 397
146
146 366
146 414
146 147
146 347
147 364
147 414
147 301 366
147 301
147 236
147 346
147 453
147 366
147 149 302
147 301
147 152 366
147 148
147
147 366
147 236
147 150 366
148 428
148 150 232 364
148 352
148 302
148 352
148 149
148
148 428
148
148 167 358
148 160
148 428
148 352
148 150
148 152 302
148 352
148 149
148 149
148 352
148 150 352
148 428
148 428
148
148
149
149 352
149 245
149 334
149 302
149 180 205
149 347
149 339 405
149
149 150 302
149 386
149
149 405
149 150 352
149 386
149 150
149 150 352
149 363
149 363
149 232 233
149 232 363
149 231 363
149 233
149
149 352
149 244
149 257 330 386
149 231
149 436
149 302 352
150 301
150
150 352
150 302
150 151
150 366
150 151
150 236
150 366
150 151 236
151 405
151 405
151 246
151 336
151 244 245
151 244 245
151 274 428
151 244 245
151 302 364
151 405
151 244 364
151 428
151 405
151 405
151 245
151 244
151
151 244 405
151 364
151 301
151 302
151 246
152
152
152 428
152 245
152 428
152
152 168
152 353
152 246 366
152
152 427
152 168 428
152 427
152 428
152 245
153 473
153
153 250
153 382
153 247 382
153 367 387
153 255
153 336 369
153 382
153 473
153 248 382
153
153 161
154 254
154 155
154
154 403
154 169
154 155 403
154 166 171
154 166 170
154 155
154 157
154 155
154
154 434
154 434
154
154 159
154 169
154 253
154
154 166 170
154 170 255
154 155 354 399
154 169
155 248
155 156 158 403
155 403
155 160 248
155 403
155 335
155 464
155 403
155
155 403
155 160 335 367 440
155 428
155 248
155 248 387 400
155 367
155 248
155 387
156 157
156 303
156 333 352
156 354 403
156 248
156 157
156 303
156 157 303
156 247
156 157 250
156 403
156 303
156 250
156 418
156 403
156 157
156 247
156 157 403
157 437
157 247 334 382
157 303
157
157 352
157 403
157 161 400
157 403
157 248
157 403
157 437
157 352
157 260 381 437
157 222
157 403
157 403
157 369
157 437
157 403
157 437
157 303
157 403
158 159 354 399
158 334
158 335
158 382
158 247 347
158 161
158 159 249 354 382
158 334
158 169
158 440
158 247
158 440
158 382
158 382
158
158 382
158
158 398
158 335
159 160 387
159 382
159
159 250 399
159 248 400
159 250
159 399
159 250
159 399
159 160 464
159 161
159 250
159 335 387 400
159
159 387
159 167 335 425
159 334
159 255 336
160 335
160 335 352
160 367
160
160 387
160
160 161 387
160 428
160 250
160
160 317 447
160 171
160
160 434
160 171 434
160
160
160
160 334
160 161 400
160 169 255
160 303
160 383
160 161
161
161 400
161 400
161 400
161 387
161 400
161 335
161 352
161 400
161 400
161 387
161 162 369
161 352 387
161 400
161 400
161 387
161 400
161 400
161 400
162 166 253
162
162 369
162 336
162 163
162 253 369
162 369
162 251
162 251 369
162 252
162 169 369
162 368
162 253
162 369
162 336
162 251 368
162 369
162
162 167
162
162 253
162 168 169 211 253
162 369
162 253
162 163
162 251 253
162 368
162 369
163
163 205 279
163
163
163 166
163 168
163 437
163 164
163
163 164
163 255
163 188
164 165 170 255 369
164 450
164 165 383
164 336
164 166 294
164 304
164 336
164 294 304
164 165
164 254
164 254
164 251
164 304
164 294
164 383
164 450
164 169
164 383
164 254
164 165
165 166 255
165 253 383
165 166 251 383
165 450
165 253 369
165 450
165
165 335
165 188
165 450
165 188
165 253
165 304
165 188
165 188
165 383
165 383
166 383
166
166
166
166 170 304
166 169 434
166 171
166 434
166 170
166 171 304
166 171 254 304
166 254
166 170
166 169 294 434
166 254 304
166 255
167 383
167 311
167 169 170
167 383
167 192 194 200 268 341 359
167
167 255 383
167 383
167 195 273 311 373
167
167 359
167
167 195 274 331
167 422
167 383
167 255 383
167 304
167
167 170
167 169
167
167 254 262
168 245
168 237 301 302 457
168 353 428
168 353
168 353 428
168 427
168 245 366
168 263
168 428
168 245 353
169 254
169 255
169
169 262
169 254
169 254
169 254 434
169 254
169 254 294
169
169 188 254
169 171
169 255
169 254
169 294
169 254
170 171
170 254
170 434
170 304
170 294
170 434
170 434
170 254
170 434
170 304
170 434
170 434
170
170 171
170 434
170 254 304
170
170 434
170
170 171 304
171 434
171 367
171 294
171 355
171 304
171 304
171 304
171 323
171 434
171 304
171 294
171
171 304
171 304
171 434
171
172 239 307
172 188
172 258
172 441
172 427
172
172
172 330
172 261 386
172 330 386
172 264 441
172 256 429
172
172
172 356
172 330
172
172 441
172 257
172 263
172 257
172
172
172
172 422
172 257
172 330 386
172 358
173 442
173 175
173 239
173 323 442
173 442
173
173 174 422
173 442
173 419
173 370
173 422
173 174 175 261
173 175
173
173 175 260
173 177
173 442
173 442
173 174 422
173 175
173 175
173 175 260 370
173 422
173 442
173
173 422
173 265
173 422
174
174 370 422
174 382
174 305 306 323 410
174 422
174 422
174 370
174 442
174 306 442
174 422
174 262 422
174 413
174 261
174 201 353 430
174 370
174 265
174 442
174 442
174 265 305
174 422
174 422
174 262
175 306 442
175 442
175 337
175 306 410
175 410
175 176
175 265 306 442
175 265
175 265 305 337 410
175 337
175 306
175 323
175 265 305 337 422
175 176
175 422
175 176 306 337
175 410
175 337
175 370
176 306
176 306
176 305 410
176 410
176 370
176 305 410
176 410
176 410
176 370
176 306 410
176
176 410
176 410
176 306 370
176
176 179
176 410
176 305
177 439
177
177
177 181
177 260
177 323
177 442
177 257
177 466
177 185
177 239
177 321
177 370
177 442
177
177 442
177 305
177
177 181
177 442
177
177 181
177 370
177 442
177 370
177 323
177 181
178 258
178 371
178 434
178 179 262
178 371
178 371
178 179 262 263
178 371
178 256
178 280
178 406
178 263
178 371
178 371
178 371
178 179
178 371
178 257
178 406
178 264 338
178 417
178 371
178 262 263 447
179 388
179 371
179 319 380
179 319
179 305 435
179 416
179 442
179
179 435
179 185
179 371
179
179 380
179 319 416
179 442
179 283
179 263
179 371
179 319
179 263 435
180 181
180 338
180 181
180 181
180 338
180 338
180 264
180
180 338
180 264
181
181 261
181 260
182
182 307
182 183
182 265
182 307
182 384
182 384
182 384
182 307 308
182 185 307 309
182 308
182
182 183
182
182
182
183 309 434
183 265
183 329 434
183 470
183 309
183 434
183 339
183 470
183 339
183 398
183 309
183 309 339
183 339
184
184 186
184 467
184 236
185 398
185 447
185 339
185 429
185 412
185 355
185
185 355
185 355
185 447
185 447
185 371
185 329
185 186 187
186 441
186 187
186 441
186
186 441
186 441
186
186 187 356
186 329 429
186 441
186 339
186 187 356
186 356
186 441
186 441
186
186 441
186 441
187 441
187 356
187 356
187 441
187 441
187 356
187 441
187 441
188 330
188
188 330
188 330
188 440
188 310 372
188
188 191
188 330
188 335
188 330
188 226 323
188 383
188 340 372
188 266
188 428
188
188 330
189 268 269
189 270 445
189 195 196
189 195
189
189 444
189 268 373
189 271
189
189 268
189 445
189 195
189 269
189 191
189 331
189 341
189 445
189 311
189 190 311
189 373
189 400
189 445
189 195 444
189 373
189
189 413
189 190 193 270
189 251
190 268 311
190 273
190 268 359
190 272
190 413
190 379
190 389
190 269 417
190 268 341
190 193 270 425
190 413
190 341 359
190 205 224 328 331
190 272 359
190 341
190 272 389
190 417 445
190 194
190 413
190 311
190 341 413
190 341
191 358
191 272 418
191 417
191
191 418
191
191 418
191 272 418
191
191 417
191 400
191 271
191 417
191 319 380
191 192
191 312
191 311
191 319
191
191 380
191 380
191 311
191 325 352
191 311
191 417
192 194
192 195 373
192 341 359
192 194
192
192 269
192 373
192 248 317 341
192 418
192
192 341
192 413
192 341
192 269 373
192
192 194 413
192 373
192 273
192 273 274
192 358 373
192
192 269 373
193 198
193 271 413
193 273
193 270 417
193 196
193
193 268 270 307 373
193 389
193 274
193 272
193 358
193
193 269 270
193 373
193 373
193 270 273 373
193 373
193 196
193 251 369
194 413
194 203
194 269 413
194 273 413
194 413
194 273
194 413
194 413
194 341
194
194 273
194 413
194 273 413
194 268 413
194 413
194 196 268 341
194 413
194 389 413
194
195 196 311
195 342
195 274
195 342 379
195 342 444
195 331
195 341
195 248 342
195 274
195 274 342
195 223 291 292 328 444
196 311
196 274
196 274
196 273
196 305
196 274 311
196 274
196 274
196 331
196 311
196 311
196 225
196 316 423
196 273
196 274 275 428
196 359
197 278
197 204 205
197
197 312 402
197 393
197 316
197 393
197 343 423
197 378
197 316
197 314
197 314 402
197 343
197
197
197 393
197 402
197 316
197 201 205 316
197 203
197 402
197 204
197 212
197 312
197
197 315 343
197 276
197 393
198 218 415
198 275
198 413
198 393 435
198 279
198 317
198 313
198 218 313
198 207 313
198 360
198
198 202
198 276
198 415
198 201 202
198 313
198 360
198 313 430
198 276
198
198 276
198 281 443
198
198 200 271
198 360
198 312 313 402
198 275 276
198 314
198 313
199 205
199 445
199 445
199 281 348
199 259
199 277
199 430
199 308
199
199 277 317
199 445
199 214
199 217
199 360
199 217 445
199 345
199 219
199 393
199 214
199 445
199 445
199 200 201 277 278 343 385
199
199 214
199 217
200 430
200 201 202 430
200 205 278 316
200
200 423
200 202 203 277 456
200
200 325 428
200 313
200 373
200 423
200 206 423
200 206 279
200
200
200 204 206 456
200 206
200 201 205
200
200 373
200 423
201
201 202 430
201 206
201 430
201
201
201 385
201 278
201 205 430
201 207 315 430
201 268 378 417
201 202
201 205
201 206 279
201 278
201 277 316 385
201 317
201 343 445
201 206
202 315
202 278
202 278 279
202 277
202 279
202
202 315 402 430
202 317
202 277 317
202 277 315 316 430
202 402
202 277
202
202 317 343
202 279
202 315 393
202 278
203 277
203
203 316
203 277
203 278
203 360 430
203 268 360
203 430
203
203 430
203 277
203 277
203 430
203 430
203 277
203 312 378 393
203
203 277
203 393
203 276
203 266 364 405
203 277
203 430
204 317
204 317
204
204 343
204
204 316
204 343
204 317
204 313 316
204
204 468
204 205 385
205 393
205 316
205 314 358
205 385
205 316 385
205 423
205 423
205 315
205 315
205
205 445
205 368
205 385
205 316 317 437
205
205 315
205 423
205 343 385
205
205 385
205 412
205 343
205
205 317
205 430
205
205 360 379 430
205 315
205 385
206 279
206
206 385
206
206 279
206 279
206 277 278 343 454
206 207
206 385
206 385
206 279
206 423
206 279
206 343
206 317
207 379
207 379
207 379
207 415
207 315 317
207 312 435
207 415
207 313
207 415
207 415
207
207 338 371
207 455
208 374
208 374
208
208 401
208 401
208 212 280
208 401
208 394
208 418
208 281
208 280
208 281
208 281 374
208 280
208 281 374
208 209 401
208 374
208
208 281
208 374
209 407
209 214 345
209 418
209 445
209 280
209 211
209 210 445
209 320
209 213 407
209 210 345
209
209 320
209 407
209 288
209 292
209 445
209 445
209 320
210 320
210 213
210 345
210 345
210 320
210 332
210 407
210 284 291 359
210
210 418
210 445
210 445
210 325
210 345
211 326
211 286
211
211 345
211 280
211 320
211 282
211 345
211 214 282
211
211
211
211 261 443
211
211 407
211
211
211 320
211 212
212 443
212 394
212 374
212
212 280 394
212 345
212 321
212 394
212 280
212 443
212 443
212 394
212 374
212 374
212 394
213 282
213 345
213 407
213 407
213 321 361
213 404
213
213 394 407
213 407
213 321
213 374
213 407
214 320
214 407
214 407
214 345
214 282
214 407
214 407
214 216 281 282
214 374
214 407
215 409
215 216 286
215 409
215 216 286
215 216
215 409
215 408
215 421
215 421
215
215 421
215 216
215 361
215 216
215 216 286
215 362
215 421
215 409
215 359 375 408
216 408
216 286
216 409
216 409
216 284
216 284
216 431
216 286
216 288
216 286
217 431
217
217 426
217 408
217 283
217 283
217 426
217 426
217 218 426
217 426
218 426
218 375 431
218 283 375
218 426
218
218 431
218 426
218 431
218 287
218
218 426
218 431
218 431
218 426
219 283
219 434
219 434
219 221 404
219 431 434
219 283
219 283
219 434
219 426
220 344
220 438
220 221
220 324 438
220 324
220 288 409
220 438
220 438
220 323
220 324
220 438
220 221 344
220 324
220 324
220 221
220 222
220 221
220 324
220 344
221 344
221 280
221 438
221 324 449
221 449
221 344
221
221 344
221 362
221 449
221 344
221 396 397
221
221
221 449
222 288
222 438
222 438
222 344
222
222 259
222 286
222 438
222 283
222 290
222 449
222 283 321
222 449
222 324
222 408
222 259
222
222 375
222 438
222
223 342 376
223 325
223 376
223 444
223 444
223 292 444
223 328
223 376
223 224 342
223 342
223 376
223 376
223 224 291 444
223 376
223 377
223 376
223 224
223 376
223 444
223 410 444
223 377
223
223 229 342
223 342
223 376
223 376
223 444
223 229
223 376
224 377
224
224
224 291
224 377
224 377
224 259
224 377
224
224 377
224 377
224 328
224 328 376
224 377
224 290
224 377
224 290
224 443
224 444
225 425
225 242
225 420
225 242
225 414
225 242
225
225 299
225 425
225 299 390
225 240
225 425
225 299
225 242
225 299
225 226
225 418
225 418
226 227
226 332
226 227 350
226
226 439
226 439
226 405 428
226
226 332
226
226 420
226 332
226 227
226
227 399
227 439
228 328
228 421
228 376
228 376
228 444
228 376
228
228 376
228 376
229
229 326
229 401
229 292
229 292
229 329
229 292 376
229 292
229 292
229 444
229 326 401
229 291 292
229 406
229 342 444
229
230 364
230 272
230 446
230 235 295
230 381
230 320 381
230
230 446
230 446
230 381
230 331
230
230 381 446
230 242
230 390
230
230 320
230 446
230 364
230 364
230 234 320
230 234
230 231
230 274
230 295
230 390
230 331
230 234
230 446
230 231
231 234
231 364
231 364
231 364
231 364
231 364
231 364
231
231
231 331 390
231 363
231 364
231 234
231 363
231 364
231 234
231 234
232 233
232 233
232 363
232 363
232 364
232 363
232 363
233 331
233
233 419
233
233 331
233 363
233
233 445
233
234 390
234 381 446
234 364
234 320
235 240
235 396
235 395
235 432
235 396
235 240 432
235 432
235 240 425
235 432
235 240
235 240 422
236
236 347
236 365
236
236 237 419
236 419
236
236 347
236 237
236 347
236 238
236
236 347
236 347
237 419
237 419
237 392
237 419
237 419
237
237 365 419
237 365
237 419
237
237 348
237 293
237 325 419
237 419
237 365
237 365
237 419
237
237 238 365 419
237 238 419
237 365
237 238
237 238 419
237 238 419
237
238
238
238 276 290 335 396 397
238 346
238 419
238 296 334
239
239 306 442
239
239 447
239 335 406
239 447
239 447
239 413
239
239 306
239 422 442
239
239 447
239
239 260
239
240 346
240 391
240 422
240 425
240
240 348 414
240
241 333
241 333
241 392
241
241 333 391
241 242
241 391
241
241
241 300
241 391
241 333
241
241 242
241
242
242 392
242 392
242 333 392
242
242
242 392
243 246
243 246
243
243
243 295 405
243 353 427
243
243 364
243 246 427
243 245
243 334
243 427
243 424
243
243 244 446
243 427
244 245 405
244 446
244 301 366
244 446
244 246
244 427
244 246
244 245
244 245 446
245
245 446
245 353
245
245 353
245 446
245 428
245 331
245 405
245 353
245 432
246 427
246 453
246 363 446
247 369
247 382
247 347 382
247 334 382
247
247 334 347
247 334
247
247 382
247 382
247 382
247 382
247 382
247 382
247 460
247 433
247 382
248 352
248 303
248 367
248 382
248
248 367
248
248 334
249 399
249 399
249 318
249
249 399
249
249 271 360
249 399
249 399
249 399
249 318
249 277 315
249
249 399
249
249 360
249 354
249 360
250 355 369
250 428
250 428
250 428
250
251 369
251 369
251 382
251 412 427
251
251
251 368
251 252 383
251 336 368
251 368
251 368
251 369
251
251 336
251 290 427
252 368
252 253
252 353
252 253 368
252 383
252 369
252 253 338
252 336
252 336
252 294 369
252 253
252 336 369
253 433
253 368
253 255
253 255
253 368
253 304
253 369
253 433
253 336
253 383
253 255 433
253 368
253
254 304
254 338 383
254 434
254 304
254 294
254 434
254 294 304
255 383
255 383
255 304
255 383
255 383
255 280 281
255 433
255 304
255
255 304
255 383
255 369
255
256 259
256 258 429
256 439
256 258
256 259
256 371
256 258
256 259
256 439
256
256 258
256 258
257 330 386
257 353 364 405
257 298
257 337
257 282
257
257 261
257 258
257
257 420
258 429
258 429
258 406
258 429
258 429
258 429
258
259 431
259 285
259 323
259
259
259 324
259 287 424 438
259 389
259
259 323
260 306
260 261
260 439
260 261
260 306
260 384
260 384
260
260 261
260 261 384
260 261
260 384
260 439
260 261
260 442
260 323
260 261
260 261
260 261
261
261 357
261 384
261 384
261 357
261 384
261 357
261 384
261
261 447
261 357
261
261 313 373
261 357
261 439
262
262 439
262
262 406
262
262 263
262 263
262 263
262 263
262 263
263 447
263 406
263 406
263 406
263 447
263 406
264 406
264 447
264 447
264 338
264
264 406
264 410
264 439
265 442
265 422
265 323 370
265 323 337 370
265 305
265 370
265 370
265 305
265 442
265 323
265 306 442
265
265 337
265
265
266 458
266 372
266
266
266 340 388
266 458
266 372
266 310
266 372
266 310 372
266 310
267 388
267 388
267 310
267 388
267 340 357
267 372
267 388
267 388
267 310 388
268
268 272 418
268 413
268 272
268 272
268 271
268 418
268 413
268 417 418
268 272
268 417
268 270
268 269 389
268 270
268 272
268 418
268 417
268 401
269
269 475
269 270
269 358
269 272 389
269
269 358 402
269 425
269 358
269 389
269 389
269 274
269 311
269 311
270 417
270 425
270 445
270 413
270 272
270 389
270
270 271 389
271 272
271 475
271 413
271 389
271 273
271 273
271 389
271 273 341
271 445
271
271
271 475
271 445
271 389
271 414
271 273
271
271 389
271 445
271 272 274
271 417
271 389
271 389
272
272
272 274
272 413
272 413
273
273
273
273 274
273 359
273 398
273 359
273 412
273
274
274
274 311
274 423
274 342
274 311
274 311
274 311 342 379
274 359
274 428
275 312
275 276
275 312
275 278 315
275
275 276
275 393
275
275 393
275 378
275 276
275 312
275
275
275 276
275 378
275 314
275
276 393 402
276 312
276 378
276 393
276 435
276 316
276 393
276 393
276 393
276 312
276 393
276 393
276 314 378
276
277 278 316
277 317
277 315 316 430
277 279
277 278
277 423
277 393
277 423
277 315
277 469
277 423
277 423
277 423
277 360
278 296
278 343
278 315
278 316 423
278 437
278 316 385
278 316 385
278 316 317
279 360
279 430
279 328 444
279
280 287
280
280
280 320
280
280
280 287
281 374
281 374
281
281 374
281 374
281 443
281 374
281 443
281 443
281 443
281 443
282
282 321
282 321
282 321
283 431
283
283 426
283 476
283
283
283 408
283 431
283
283 431
283 375
283 375
283
283
283
283 476
283
283 375 431
283 408
284 322 359
284 421
284 409
284 359
284 285 424
284 409
284 409
284
284
284 409
284 409
284 394
284 394
285 287
285 424
285 287 323
285 424
285 287
285 424 449
285 287 323
286
286 408
286 408
286 362
286 322 361
286 380
286 362
286 362
287 394
287 438
287 438
287 323
287 438
287
287 323
287 394
288 394
288 449
288 325
288 325 344
288 325
288 344
289 296
289 426
289 443
289 296
289 291
289 404
289
289
289 296
289 423
289 327
289 291
289 404
289
289 314
289 296
289 342
289 404
289 296
289
290
290 299
290 404
290
290
290 443
290
290 404 426
290 432
290 390
291
291
291 292
291
291 350
291 469
291 292 377
291 401
291 433
291
291 292 433
291 361
292 328
292
292 328
292 328
292 433
292 328
292 342
293 395
293
293
293
293
293 395
294
294 304
294 418
294 434
294
294 304
294
294 304
294
295 459
295
295 318
295 318
295 459
295 301
295 395
295
295 360
295 318
295 459
296
296
296
296
296
296
296
297 411
297 411
297 332
297 350
297 432
298
298 437
298
298 449
298
298 437
298 397
298 449
298 397
298
299
299
299
299 418
299 390
299 390
299 390
299 414
299 333
300 402
301 366
301 347
301 453
301
301 347
301 347
301 347
301 347
301 366
301 366
301 366
302 413
302 457
302
302 366
302 428
302 366
302 366
302
302 366
302 427
303 334
303 334
303
303
303 437
303 334
303
303 403
303 334
304 434
305 435
305 337
305
305
305
305 435
305 435
305 406
306 442
306 370
306 370
306 410
306 422
306 442
306 370 442
307 398
307 355
307 308 451
307 356
307 356
307 384
307 355
307 384
307 451
308 355
308 355
308 384
308 384
309 434
309 339
309 339
309 329
309 434
309 434
309 356
310 360
310 372
310
310 372
310 372
310 372
310 372
310 372
311 445
311 445
311 417
312
312 402
312 378
312
312 402
312 402
312
312 378
312 378 393
312 402
312 378
312 402
312 314 393
312 378
313 373
313 358
313 315
313 336
313 415
313 428
314 402
314 402
314
314 378
314 402
315
315 430
315
315 454
315 318
315 343
315 430
315 430
315 423
315 423
315 430
316 385
316 385
316 385
316 385
316 402
316 385
316 385
316 317
316 385
317 343
317 343
317 343
317 343
317 343
318 381
318
318
318
318 381
318 364
318 320
318 363
318 364
318 331
319 416
319 416
319 416
319 380
319
319 380
319 380
319 416
319 380
319 416
319 416
319 380
319 416
319 416
319 380
320 446
320 381
320
320 381
321 472
321
321 472
321 472
321
321 431
321 375
322 362
322
322 375 431
322
322 362
322 362
322 362
322 362
322 362
322 359
322 359
323
323
323 410
323
323
323
323 370
324 394
324 449
325 404
325 426
325 394
325
325
325 404
326
326 416
326
326 425
326 401
326 425
326
326
326 327
326 401
327 365
327 452
327 432
327 365
327 348
327
328 444
328 376
328 444
328 376
328 342
328 444
328 342
328 444
328 444
329 441
329 441
329
329
329
329 441
329 355 441
329
329 356
329
329 356
330
330 458
330
330 386
331
331 381
331
331 359
331
331
331
332 439
332 439
332
332
332 411
332 439
333
333 391
333
333 351
333 392
334 335
334 400
334
334
334 335
335 440
335 387
335 400
335 352
335 352
335 440
335
335 400
335 400
335 387
335 352
336 369
336 369
336
336
336 369
336
336 412
336 368
336 368
337 406
337 429 471
337
337 406
337
338
338 371
338
339 412
339
339 398
339 398
339 398
339 470
339 412
340 388
340 357
340 388
340 458
340 404
340
340 422
340 357
340 404
340 404
340 404
340 357
340 357
341 389
341 425
341 413
341 430
341 418
341
341 413
341 389
341
342 444
342 444
342
342
342
342 376
342 444
343
343 373
343 423
344 345
344 345 407
345
345
345 407
345 407
345 407
345 407
345 407
346
346
346
346 420
346
346 349
346 420
347 453
347
347 364
348
348 414
348
348
348
349 432
350 439
350 439
350 439
350 411
351 390
351
351
351 465
352 387
352 400
352 400
352
352
352 387
352
353
353
353
353 364 446
353
353 427
353 427
353
353 446
354
354 427
354
355
355
355
355
355
356
356
356
356
356
357 372
357 372
357
357 372
357
358
358 402
358 359
358 402
358
358
358
358 373
359 424
359
359 424
359 424
359 424
359
359
360 415 455
360 455
360
360 430
360 430
361 380
361 380
361 424
361
361 380
361 380
361 380
361 443
361 380
361 424
361
362 443
362
363 446
363
363
363
364
364 405
364 405
365 419
365
365 419
366
367 387
367
367 462
367
367
367 462
367 387
367 387
367 462
367
367 462
367 400
368
370 422
370 422
370 422
370
370 422
370 410
371 429
371 412
371
372
373 418
373 417
373
373 445
374
374 425
374
375 431
375 431
375 431
375 408
375 431
375 431
375 408
376
376 444
377
377 425
377 425
378 393
378 435
378 435
378 435
378 393
378 435
378 435
378 393 435
378 435
378 435
378 435
379 415
379 415
379
380 416
380 445
380 416
380 416
381 446
381
381
381
381
381 446
381 446
382
382
384
384
384
385 423
385
386
386 436
386
387 400
387 400
387 400
387
388 406
388 447
389
389
390 433
390 391
390 425
391 392
391 392
392
392 425
393 435
393 435
393 435
393 435
393 435
394
394
394 407
395 437
395
395
395
395 437
396 432
396 397
396 397
396 432
396
396 397
396 397 425
396
396
396 432
396 397
396 397
396 397
396 397 432
396
396 432
396 397
397 449
397
397
398
400
401
401 444
402
402
403 474
405
405
406
406
407
408 472
409
409
409
409
409
410 444
410 434
410
411 439
411
412
412
412
413
414 418
415
415 430
415 430
417
417
417
418
418
418
419
420
420
420
420
421 447
421
422
422
422
423 456
424 449
425
425
425 432
426
427
427
428
428
428
429 442
429 435
430
430
430
431
431 434
431
432
432
432
433
433
433
433
437
437
437
437
438 449
438 449
439
439
441
441
442
443
445 475
446
447
448
448
449
449
453
453
475
28
25
36
30
37
31
27
26
27
30
22
22
30
32
28
24
26
25
22
31
35
30
24
23
26
23
29
24
25
32
24
34
34
27
29
28
23
29
29
28
35
27
24
35
35
36
28
35
27
24
22
26
37
25
26
35
33
26
25
25
28
27
26
29
25
25
25
29
32
21
23
23
29
29
21
27
20
22
34
23
28
23
27
26
33
24
25
28
25
24
32
28
26
28
28
34
27
24
27
29
24
26
28
25
22
33
24
27
25
26
25
28
25
25
23
25
26
28
23
28
25
22
23
26
26
21
26
27
26
22
20
23
22
30
21
24
21
23
26
25
27
26
26
23
25
23
23
25
29
22
25
23
26
22
23
25
25
24
26
27
24
23
21
23
24
22
28
24
20
24
28
28
27
23
24
27
31
28
26
20
20
24
21
21
23
26
21
27
27
23
25
23
25
22
20
23
28
30
29
23
24
23
25
20
29
23
22
25
23
24
26
24
24
20
23
21
22
23
21
23
23
29
25
22
27
21
20
20
24
30
21
20
24
20
23
22
25
24
26
21
22
22
24
20
24
21
25
23
24
21
22
21
23
21
24
21
24
21
23
27
25
20
21
21
22
23
20
23
20
22
29
20
22
22
27
22
22
20
23
22
23
20
22
21
20
23
22
20
25
22
24
22
20
22
22
20
21
21
24
20
21
22
22
20
22
24
22
20
21
22
21
24
22
22
22
22
21
21
22
23
23
21
20
22
22
23
20
20
24
22
22
21
20
22
20
23
21
21
22
25
21
21
22
21
22
21
22
20
20
21
21
21
21
22
25
21
21
22
23
21
22
20
24
20
23
21
21
20
20
20
21
21
20
21
21
20
20
21
21
22
20
20
21
22
21
21
22
22
21
21
20
20
21
22
20
24
21
20
20
20
21
21
20
21
20
22
20
21
22
22
20
20
21
21
20
20
21
21
20
21
21
21
21
21
20
21
20
21
20
20
20
20
20
20
21
4
20
20
20
9
20
20
20
21
21
14
19
6
19
3
1
5
5
1
8
1
3
3
6
1
3
2
5
1
5
1
2
1
1
2
1
2
1
3
3
1
