4502 3988 10
1
1
1 2300 2304 2305 3895
1
1
1 3741
1
1 1292 1293 1295 1322 1341 1342 1995 2011 2012
1
1 711 715 716 3946
1
1 2300 2325 2326 3942
1 3275 3276 3278
1 3652 3658 3660 3831
1
1 3987
1 3971
1
1
1 2119 2135 2136 3746
1
1
1
1
1
1 251 255 257 3988
1 1995 2023 2025
1 3803
1 1964 1974 1976
1 3796
1 3836
1
1
1
1
1
1
1 3815
1 2727 2743 2745 3842
1 3454 3478 3479 3956
1
1 1292 1304 1306 3981
1 405 415 416 3817
1 3951
1 3932
1 2359 2369 2370 3749
1
1 3367 3392
1
1 3902
1 773 774 776 2543 2553 2555 3823
1
1
1
1
1 1871 1878 1880 3753
1
1
1 3931
1 343 344 345
1
1 1108 1124 1126
1 3718
1
1
1
1 3744
1 3154 3180 3181 3767
1 2910 2929 2930 3834
1
1
1 251 258 260 3821
1 2481 2485 2487 3854
1
1
1
1
1 3275 3291 3293
1 3781
1
1
1 2026 2045 2047 2048 2050 3969
1
1
1
1 1446 1467 1468 3825
1
1 129 147 148
1
1
1 1538 1551 1553 1566 1576 1577 1582 1584 3688 3689 3691
1 2 67 80 83 98 114 129 144 159 171 174 189 199 202 205 220 236 251 261 264 267 279 282 292 295 298 309 312 328 374 387 390 405 415 417 419 434 449 464 480 495 511 526 539 542 588 601 604 619 635 650 660 663 666 681 694 697 711 724 727 742 758 773 789 804 819 834 847 850 865 881 896 909 912 927 943 958 971 973 988 1004 1019 1032 1035 1046 1056 1059 1062 1074 1077 1087 1090 1093 1139 1155 1170 1185 1200 1213 1216 1262 1272 1275 1278 1292 1307 1353 1369 1415 1431 1446 1461 1476 1489 1492 1538 1554 1566 1579 1582 1597 1613 1659 1675 1721 1737 1752 1768 1809 1822 1825 1840 1856 1871 1887 1933 1946 1949 1995 2008 2011 2026 2042 2057 2073 2088 2098 2101 2104 2119 2135 2149 2164 2207 2223 2238 2254 2269 2285 2300 2313 2328 2344 2359 2369 2372 2375 2390 2406 2420 2436 2451 2466 2481 2497 2574 2590 2605 2621 2667 2683 2698 2713 2727 2743 2758 2774 2789 2805 2819 2835 2941 2954 2957 2972 2988 3125 3141 3183 3199 3275 3291 3306 3321 3367 3383 3688 3689
1 526 539 540 3774
1 2941 2954 2957 2959 3426 3451 3452 3726
1 3833
1
1
1 405 415 416 3799
1
1 1809 1828 1830 3787
1
1 1322 1332 1333 3843
1
1 374 384 385 1322 1326 1327 2910 2911 2912 2920 2921 2926 2928
1 1964 1989 1990
1 3762
1
1
1
1 1384 1385 1386 3890
1 3367 3377 3379 3380 3381
1
1
1
1
1 834 856 857 3784
1
1
1
1
1
1 3652 3658 3660 3954
1
1
1
1 1077 1096 1098 2420 2433 2435
1 1108 1112 1113 3952
1
1 1384 1388 1390 3786
1
1
1
1 67 89 91 1783 1803 1804
1
1
1 3214 3224 3226 3816
1
1
1 3948
1
1 3883
1 2390 2394 2395 3940
1
1 2636 2658 2659 3908
1
1
1 3779
1
1
1 3518 3539 3540 3957
1 3743
1 3275 3291 3293 3747
1 3766
1
1
1
1
1
1
1
1 3518 3534 3536 3738
1 434 461 462 3770
1
1 1809 1813 1814 3858
1
1 5 12 13
1
1
1
1
1 3894
1 3899
1
1 1384 1403 1404
1 1597 1613 1615
1 1995 2023 2025 3949
1
1
1 3454 3461 3463 3720
1 3937
1
1
1 405 419 420 421 3853
1 1597 1598 1600 1625 1626 3941
1 3003 3004 3005 3872
1
1 3835
1 3947
1 3966
1 464 468 470 3871
1
1
1 1902 1912 1914 3979
1
1 2238 2257 2259
1
1
1
1
1
1
1
1 1446 1467 1468 3910
1 3912
1
1 681 706 707
1
1 2910 2923 2924 3944
1
1
1
1 2269 2276 2278
1 3367 3383 3385 3782
1 3808
1
1
1
1
1
1 2119 2135 2136 3978
1
1 1384 1397 1399 1400 1402
1
1
1 3426 3433 3434 3968
1
1 3824
1 3518 3531 3532 3856
1
1
1 3063 3067 3068 3069
1 3545 3558 3560 3778
1 3903
1
1
1 3906
1 3125 3143 3145 3146
1
1
1 3306 3318 3319 3855
1 681 691 692 3919
1
1
1 1077 1102 1104
1 2238 2257 2259
1
1
1
1 159 165 167 186 188 1840 1844 1845 2605 2630 2631
1
1
1 1019 1029 1031 1038 1040 1041
1
1 773 798 799 3970
1 1384 1409 1411 3962
1
1 282 298 299 312 340 342 3745
1
1 3245 3246 3248 3958
1 3336 3352 3354 3860
1
1
1 1077 1078 1079 3780
1
1
1
1 3920
1
1 2390 2412 2414
1 3245 3249 3250 3806
1
1
1 3275 3288 3289 3967
1 1783 1800 1801 3923
1 3972
1 1783 1791 1792 1806 1807 1808 3805
1 3807
1 5 6 8 3862
1 3867
1 2941 2945 2946 3758
1
1
1
1 1783 1791 1793 1806 1807 3841
1 1840 1856 1857 3790
1 1353 1366 1368 3829
1
1
1
1
1 1262 1269 1271 3888
1
1 282 298 300
1
1
1 3454 3475 3477 3852
1
1
1 2269 2294 2296 3914
1 1384 1400 1402 2910 2926 2928
1 2300 2316 2317 3960
1 1353 1369 1370 1371 3754
1
1
1 3785
1 3848
1
1 3033 3048 3050
1
1 3336 3343 3344 3964
1 711 715 716 733 735
1 2972 2988 2990 3814
1 1353 1366 1368 1369 1371 3736
1 2698 2718 2719 3811
1 526 542 544 3918
1 1108 1127 1128 3822
1 3759
1 1964 1992 1994
1 3934
1
1
1 3764
1
1 773 777 778
1
1
1
1 742 749 750 751
1 3756
1 3768
1
1
1 3881
1
1 251 261 276 277
1
1
1
1 3859
1
1 2636 2655 2656 3985
1 312 322 323
1 3877
1
1 312 322 323 3963
1
1 67 83 85 3933
1 3868
1 2941 2954 2955
1
1
1
1
1 1322 1347 1348 3769
1
1 865 872 873 3819
1
1
1
1
1
1
1
1 2512 2540 2542 3818
1 1262 1278 1280 3851
1 834 862 864
1 251 255 256
1
1
1
1
1
1 464 468 469 3839
1 2269 2270 2271 3866
1 1783 1803 1804 3900
1 2119 2123 2124 3826
1 67 77 79 83 84 3771
1 1353 1366 1368 3789
1
1
1 159 177 178 179 343 356 357
1 3953
1 3063 3064 3066 3959
1 1322 1326 1327 3975
1 2941 2954 3792
1
1
1 1262 1278 1280 3812
1
1
1 3426 3439 3440
1 3772
1
1 220 221 223
1
1
1
1 3306 3333 3334 3896
1 3679 3682 3684 3893
1 3795
1 3783
1
1
1 3518 3539 3541 3798
1 3426 3442 3444 3763
1
1 1597 1622 1624 3775
1 405 412 413 3907
1
1 36 37 38 3884
1
1 958 965 966 988 1004 1005 3847
1
1
1 464 483 484 3904
1
1 1262 1269 1271
1
1 681 706 707 1384 1400 1402
1
1
1 711 730 731
1
1
1 2941 2963 2965
1 865 881 883 890 892 3832
1 3426 3439 3440 3828
1
1 3986
1
1
1 681 691 693 3950
1
1 773 792 794 2543 2559 2561
1
1 2819 2832 2834
1
1 405 409 410 3760
1
1 3454 3461 3462
1
1
1 3905
1
1
1
1
1
1
1 3776
1 3183 3190 3192
1
1
1 2119 2138 2140 3827
1
1 2269 2276 2277
1 865 869 870
1 3733
1
1 405 409 410 3983
1
1 2910 2929 2931 3916
1
1 711 739 741 3929
1
1 312 331 332 3154 3171 3172 3173 3367 3386 3387 3388 3732
1 1384 1391 1392 3751
1 3809
1
1
1 1170 1185 1188 1189 3721
1
1 282 298 300 3740
1
1
1 2207 2223 3545 3561 3562 3742
1
1
1 2727 2731 2732 2755 2756
1
1 588 598 600 601 602 3723
1 3773
1
1 3861
1 2390 2406 2408 3875
1 464 471 472 650 666 668 1902 1921 1922
1 1597 1610 1612 1613 1614 1625 1626 3727
1 2758 2783 2784 3837
1
1
1
1 1292 1307 1309 3965
1
1
1 2119 2135 2137
1 3870
1
1
1 3426 3439 3441
1
1
1
1 2390 2394 2396 3976
1
1 3845
1 3734
1
1
1
1 3943
1
1 251 267 269 3977
1
1 896 912 913 914
1
1
1
1
1
1 312 328 330 3306 3333 3334
1 1292 1313 1315 3892
1
1 2698 2710 2712 3757
1
1 1108 1124 1126 3840
1
1
1
1
1
1
1
1 3622 3626 3627 3800
1
1
1 434 441 442 3930
1 1446 1461 1463 1470 1472 3791
1
1
1
1
1 3003 3030 3031 3724
1 3518 3528 3530 3982
1
1 804 816 817 2543 2559 2561 3924
1 1200 1216 1218 3973
1 865 866 867
1 557 570 572 573 575
1 2451 2463 2465 3935
1 3844
1
1
1
1 1752 1762 1763
1 2269 2297 2299 3886
1 526 548 550 3911
1
1 1384 1388 1389 1394 1396 1397 1398 3729
1
1
1
1
1 1292 1293 1295 3878
1
1
1 1809 1819 1821 3873
1 251 273 275 865 881 883 884 885 3728
1 2481 2500 2502 3797
1
1
1
1 312 322 324 3788
1
1 3891
1 3591 3613 3614 3925
1
1
1
1 1200 1216 1218 3813
1 927 949 951 3901
1 1322 1338 1340
1
1
1
1
1
1 3591 3604 3606 3874
1 3936
1 67 74 75 3755
1 3802
1
1 2879 2892 2894 3984
1 1902 1912 1913 3739
1 1933 1943 1945 1949 1951 3793
1
1 3367 3374 3375 3383 3722
1
1 2481 2485 2487 3864
1
1 1933 1961 1963 3838
1
1
1 1995 2005 2006 3737
1
1
1 1077 1081 1083
1
1
1
1
1
1
1 1476 1489
1 742 752 753 767 768 3928
1 3367 3377 3379 3913
1
1
1
1
1
1
1
1 2420 2448 2449 3748
1 711 733 735 3863
1
1
1
1
1
1
1 1902 1912 1914 3879
1
1 2026 2045 2046 2574 2590 2591
1 3245 3266 3268 3882
1
1 1597 1622 1624 1933 1946 1947 3846
1
1
1 405 415 416 419 420
1 2390 2400 2401 3820
1
1 3801
1 1476 1492 1493 3897
1
1 3735
1 312 334 336 3810
1
1 1046 1053 1055 1056 1077 1084 1086 1087 1089 1099 1101 1102 1104 3730
1
1
1 1566 1579 1580 3921
1 464 477 479 3922
1
1
1 1783 1788 1790 1794 1796 3518 3531 3533
1
1 3306 3330 3331 3750
1 2300 2322 2324 3980
1 1597 1622 1623 1933 1946 1947 3887
1 2727 2740 2742 3955
1
1 2238 2257 2259 3804
1
1 3849
1
1 5 21 22 23
1
1
1
1
1
1 2300 2322 2324 3777
1
1
1
1 3033 3048 3050
1 1322 1347 1349 3794
1
1
1
1 189 208 210 3898
1
1
1 2636 2658 2660 3857
1
1 1384 1397 1398 3961
1
1
1
1
1
1
1 3545 3549 3551 3869
1
1 405 406 407 408 1964 1989 1991 3183 3184 3186 3205 3206 3725
1
1 3622 3649 3650
1 495 505 507 508 509 3719
1
1 3917
1 2119 2141 2143 3880
1
1
1 3679 3682 3683 3927
1 1384 1403 1404 3865
1 1476 1483 1485 3761
1 282 298 300 3752
1 1019 1038 1039 1040
1
1
1 36 52 54
1
1
1
1 3876
1
1
1
1
1 3765
1 3454 3478 3479 3830
1
1
1 773 789 791
1
1
1 2359 2366 2368 3885
1 3939
1
1
1
1 742 767 768 3033 3045 3046 3048 3050 3889
1 1019 1035 1037 3926
1 3945
1 3336 3346 3347
1
1
1 1507 1523 1525
1 3909
1
1 2088 2113 2115 3125 3138 3140 3141 3142 3151 3153 3731
1
1 1292 1313 1315
1
1
1 3306 3333 3335 3915
1 1783 1791 1792 1806 1808 3938
1
1 3850
1
1 3063 3067 3068
1
1
1 3154 3180 3181 3974
2 3
2 3
2 3
2 3 4 1139 1140 1141 1170 1182 1183
2 4 3183 3193 3195 3208 3210
2 2574 2584 2585
2 4
2 4 2789 2790 2791
2 3
2 159 165 167
5 6 7
5 30 31
5 6 8 405 409 410 412 414 422 424 1292 1313 1315
5 9 10 27 29 1170 1182 1183
5 18 20 21 22 23 773 777 778
5 6 7 8 36 64 65
5 9 10 2026 2054 2055
5 24 25 26 36 43 45
5 27 28 1170 1185 1186 1187
5 6 8 18 19 21 22 23 30 31 2026 2042 2044
5 15 17 405 412 413
5 33 34
5 12 13 14 2026 2054 2055
5 21 23 2026 2027 2028 2045 2046
5 24 25 36 52 53 64 65
5 12 14 2026 2027 2029 2048 2049
6 7 24 26
9 11 30 31
9 10 11
12 13 14 33 34
12 14 15 16 17 18 19 30 32
12 13 27 29 30 32
12 14 15 17 18 19 20 33 34
15 16 30 31 33 35
15 16 17
18 20 21 22
21 22 23
27 28 30 31 32
33 34 35
36 46 48
36 43 45
36 37 38
36 49 50
36 40 41
36 49 51 927 931 933
36 43 45
36 37 38 39
36 37 39 3670 3671 3672
36 46 47 48 64 66
36 61 63
36 58 60 61 62
36 43 44 52 54 58 59
36 52 53 54
36 40 41
36 58 60
36 46 47 48
36 37 39
36 55 56 1046 1062 1063 1065 1067 1068 1069
36 55 56 57 1077 1087 1089
36 37 38 55 57 1046 1074 1076
36 64 66 1046 1059 1060 1071 1072
36 40 41 61 62
37 39 58 59
40 41 42 58 60
40 42 61 63
43 45 64 65
43 44 61 63
43 45 46 48 49 50 52 54
46 47 48
49 51 52 53
52 53 54
61 62 63
67 80 81 82 159 180 181 1659 1675 1677 1721 1725 1727
67 77 78 79 2698 2704 2705
67 80 82 83 84 85
67 80 1690 1709 1710 1711
67 71 73 2605 2615 2616
67 86 87 3481 3482 3483
67 71 73 80 2698 2721 2722
67 83 85 129 153 154 155
67 80 98 105 107
67 68 69 3591 3610 3611
67 89 90
67 86 87 98 120 122
67 71 72 83 92 94
67 68 70 2057 2067 2068 2085 2087
67 95 97 2698 2704 2705 2721 2723
67 71 72 83 1659 1669 1671
67 71 72 73 1659 1663 1665 1690 1706 1708
67 77 79 83 84 85 2390 2412 2413
67 86 87 88
67 71 72 74 75 76 89 90 3545 3558 3560
67 95 97 129 130 131 147 149 1690 1691 1693
67 77 79 83 85 95 96 1659 1663 1664 1665
68 70 89 90
68 69 80 86 88
68 69 89 90
71 72 89 91 92 93
71 73 92 93
74 76 95 96
74 75 76 95 96
74 75 76 92 94
77 78 79 80 81
77 78 95 97
80 82 83 84
83 89 90
83 92 93 94 95 96
98 120 121 3708 3709 3711
98 114 116
98 120 122
98 99 100 117 118 119 1721 1737 1739
98 123 124 1721 1722 1724 1746 1748
98 114 116 2636 2655 2656
98 99 100 126 127 1721 1737 1738
98 105 107 126 128 129 138 140
98 99 100 117 118 1721 1737 1738 1739 2057 2067 2069
98 99 101 1690 1709 1710
98 99 101 1721 1743 1745
98 105 107 114 116 1721 1740 1742
98 108 110 123 124 126 127 128 3481 3482 3484
98 120 122
98 105 106 120 121 3708 3709 3711
98 111 113
98 108 110 3003 3030 3032
98 111 112 114 115 1721 1737 1739 3481 3482 3484
98 111 113 114 115 3708 3709 3710
98 99 100 102 104 2057 2067 2069
98 114 115 116 1809 1810 1812 3481 3485 3486
98 99 101 102 104
98 117 119 129 153 155 3154 3169 3170
98 102 104 2057 2067 2069 2070 2072
98 108 109 126 128
98 111 112 114 2057 2070 2072
98 114 116 3481 3500 3502
99 100 101 120 121
102 104 123 124
102 103 105 106 123 125
102 103 120 122
105 106 107
108 110 114
108 109 110
117 119 120 121 123 124
123 124 125
129 141 142
129 153 155
129 138 139
129 130 141 143
129 144 146
129 141 142
129 130 131
129 150 152
129 150 152 2057 2067 2069
129 156 158
129 147 148 149 189 211 212
129 130 131
129 135 136 153 155
129 156 157
129 147 149
129 156 157
129 147 148
129 150 151 153 155 1721 1743 1745 2698 2704 2706
129 147 148 159 165 167
129 132 134
129 144
129 135 136 137 138 139
129 132 134
129 150 151
129 132 133 150 152
129 141 143
129 135 137
129 135 136
129 138 140
129 144 146
129 141 142 144 146
132 133 134 153 154
138 139 140 144 146
138 139 156 158
138 139 140 156 157 158
141 143 144 145
144 145 146
144 147 148
159 174 176 3245 3266 3267
159 165 166 186 187 3622 3641 3642
159 171 174 3622 3641 3642
159 177 178 189 217 218 220 230 231
159 174 175 176
159 168 169 180 182 2359 2360 2362
159 174 176
159 168 169
159 168 170 171 172 2057 2076 2077
159 171 173 174 176
159 160 162 3622 3623 3625
159 180 181 182 2359 2360 2361 2381 2382
159 168 170 186 187 3396 3420 3422
159 163 164
159 165 166
159 174 175 176 183 184
159 160 161 177 179
159 160 162 3245 3246 3248
159 171 1809 1837 1839
159 163 168 170
159 171 173
159 171 172 173 3003 3021 3022
159 160 161
159 174 2359 2378 2380
159 165 167 2574 2584 2586
159 165 166 183 185 3245 3266 3267
159 160 162 183 185
160 161 162
163 164 177 179 183 184
168 169 170 186 188
168 169 186 188
174 180 182 186 188
174 177 179
189 211 212 220 242 244
189 211 213
189 202 3591 3601 3602 3603
189 193 194 220 248 249 2390 2409 2411
189 208 209 2057 2067 2068 2070 2071
189 196 197 214 216 3591 3607 3609
189 211 212
189 208 210
189 196 198 3591 3616 3617
189 199 200 202 203 2543 2571 2573
189 205 206 207
189 193 194
189 202 204 214 216 3591 3607 3609
189 205 3591 3604 3606 3607 3608
189 199 2390 2409 2410
189 190 191 220 242 244
189 205 207 220 221 223
189 205 207 208 210 220 221 223 2390 2400 2402
189 199 200
189 202 205 207
189 199 201 202 203 3591 3604 3606
189 190 191 192
189 217 219 1384 1400 1402 2119 2135 2137
189 190 192 205 207 211 212 220 242 244
189 190 191 199 200 205 206
189 214 216 3591 3595 3597
189 196 198 214 215 3591 3619 3620
189 202 204 205 206 3591 3598 3600
189 196 197 202 3591 3607 3608
189 205 214 216 1809 1834 1835 3396 3403 3404
189 217 219
189 199 220 230 231
189 217 219
193 195 199 211 213
193 194 214 215
193 195 214 215
196 197 198 217 218
196 197 199 200 201 217 219
199 200 201
199 202
202 203 204
205 208 210
205 208 209
217 218 219
220 224 226 227 228 3591 3601 3602
220 236 2390 2400 2402 2403 2404
220 242 243
220 221 222 227 229 3591 3619 3621
220 224 225 227 228
220 227 229 248 249 3591 3595 3596
220 221 223
220 245 247
220 233 234
220 236 238
220 236 238 3591 3598 3599 3600
220 227 228
220 230 232
220 239 241
220 224 225 242 243 244 3591 3613 3615
220 245 246 3591 3619 3620
220 239 240 248 250 2390 2409 2411
220 236 239 240 2390 2409 2410
220 236 237 2390 2397 2399
221 222 239 241
221 223 224 226
224 225 242 244
227 228 229
230 231 248 250
230 231 232 233 235
233 234 236 238
233 235 236 238
236 237 238
245 246 247
245 247 248 249 250
251 252 253 1752 1768 1769 2605 2606 2608
251 273 275
251 261 312 322 324 1783 1786 1787 1806 1807
251 264 266 267 268
251 261 263 264 265 3576 3577 3578
251 267 269 2727 2752 2753 2755 2757 3511 3515 3517
251 252 254 264 1840 1853 1855
251 252 254 264 1964 1989 1991
251 261 3367 3371 3372 3389 3391
251 255 257
251 267 279 281 1840 1850 1851
251 258 260 279 280 1840 1856 1857 1858
251 261 263
251 270 271 1200 1207 1208
251 270 272 2605 2609 2611
251 261 262 2390 2412 2413
251 264 266 267 269 2727 2752 2754
251 255 257
251 279 1840 1856 1858
251 261 262 1840 1853 1855 1856 1858
251 267 269
251 279 280 1840 1847 1849
251 267 2088 2110 2111 2605 2612 2614
251 255 256 273 275 276 278
251 261 262 263 1840 1868 1869
251 258 259 267 268 269
251 273 275
251 273 274 276 278
251 264 2667 2689 2691
251 258 259 273 275 276 277
252 254 273 274
252 253 270 272
252 253 264
255 257 276 277
258 259 276 278
261 270 271 272
261 263 264 265 267 268
261 262 267
279 280 281
282 286 288 495 496 498 499 501 2879 2886 2888
282 309 310
282 301 302 309
282 286 287
282 301 303 464 483 484
282 292 293
282 292 3275 3294 3296
282 283 285 495 499 501
282 295
282 307 308 464 471 473 486 488
282 286 287 292 294 307 2848 2852 2854
282 286 287
282 295 495 511 513
282 309 1476 1483 1485
282 286 288
282 286 288 2879 2907 2908
282 292 1476 1483 1484 1485 1489 1491 1492 1493 1494 1501 1503
282 283 285 304 305
282 286 287 295 434 449 451
282 298 300
282 298 299 300
282 309 311 1476 1495 1496 2819 2820 2822 2826 2827
282 304 306 495 499 500 505 506 523 525
282 289 290
282 301 302
282 301 302 304 306 1476 1483 1485
282 304 305 306 3306 3307 3308
282 292 307 308 1476 1501 1502
282 298 299
282 309 310 311
282 286 287 304 306 495 511 513
283 284 301 303
283 284 295 304 305
286 288 307
289 290 291 307 308
289 291 309 310
292 293 295 296 298
292 293 309 311
292 294 295 297 298
295 296 298
295 296 297
301 302 303
307 308 309 311
312 337 338 1871 1884 1885 1887 1889
312 328 329 330
312 334 335
312 313 315
312 313 314 315 331 332 1871 1884 1885
312 337 339 1446 1452 1453 3702 3703 3704
312 319 320 337 339 3545 3555 3557
312 316 317 1871 1878 1879 1887 1889
312 325 327 3306 3318 3319
312 313 315 1871 1887 1889
312 328 330
312 322 323
312 331 333 1415 1434 1436 3214 3233 3235
312 325 326 327 328 329 330
312 328 330
312 319 320 321 343 362 364
312 331 332
312 325 326 2972 2994 2996
312 316 317
312 316 318 337 338 1871 1887 1889
312 322 324 328 329 340 342 343 359 360 361 2207 2226 2227
312 313 314 319 321 343 347 349
312 328 3545 3561 3563
312 331 333
312 313 314 331 332 333 834 853 855
313 315 334 335
313 314 331 333
316 317 318
316 317 334 336 337 339
319 321 340 341
322 323 324 325 326 328 329
325 327 328 329
331 332 340 341 342
334 335 336
337 338 339
343 347 349
343 350 352
343 365 367
343 356 357 362 363
343 347 348 3545 3573 3575
343 344 345 359 361 3033 3054 3056
343 344 346 350 352 365 366 2207 2208 2210
343 347 349 368 369 3545 3555 3556
343 353 355 371 373 3033 3045 3047
343 368 370 1415 1434 1435
343 359 361 711 736 737 3033 3048 3049 3050
343 344 345 346 2207 2223 2225
343 350 351 359 361
343 362 363 2667 2695 2697
343 350 351 352
343 344 346 362 364
343 356 358 374 381 382 384 386 399 401 1446 1464 1465 2119 2129 2131
343 350 351 3033 3048 3049
343 368 370 3545 3558 3559
343 368 369
343 368 369
347 348 356 357 358
347 348 365 367
347 348 365 366
350 352 371 372
353 354 359 360 361
353 354 355
353 355 356 357
356 358 359 360
359 360 362 363
368 369 370
368 370 371 372 373
374 378 380
374 390 3426 3436 3437
374 375 377 396 397 434 435 437 3426 3433 3435
374 396 398
374 387 388
374 387 389 390 392 434 435 437 455 456 457
374 387 2941 2960 2961
374 396 397 434 455 457 458 459
374 393 394 2941 2942 2943 2944
374 393 394
374 390 392 399 401 2972 2979 2981 2997 2998
374 378 380 2119 2132 2134 2135 2136
374 390 391 434 455 456
374 387 389 390 392 396 397 402 403 434 435 436
374 396 397 434 444 445 452 454
374 381 382
374 390 2910 2923 2925 2926 2927 2928
374 402 404 1292 1313 1314 2910 2926 2928
374 384 385 393 395 3426 3439 3441
374 390 402 403 3426 3436 3437
374 390 391 434 455 457
374 375 377 434 435 437 452 454
374 384 385
374 402 404
374 402 404
374 381 382 383 396 397
375 376 402 404
375 376 393 394 395
375 377 378 379 396 398
378 379 380
378 379 381 382 393 394
378 380 399 400
381 383 402 403
384 385 386 387 388
384 385 402 404
387 388 389 390
387 399 400 401
387 389 390 391 392
390 391 392
405 419 420 421
405 419 3622 3626 3628
405 419
405 431 432 1659 1687 1689
405 417 418
405 415
405 409 411
405 419 421
405 422 423 1964 1986 1987 2420 2424 2426
405 415
405 419 421
405 422 423
405 428 430
405 415 416 431 433
405 417 3622 3646 3648
405 419 431 432 1046 1071 1072
405 419 421
405 406 407 412 414
405 417 418
405 406 407 412 414 415
405 417 419 420
405 412 413 428 430
405 415 425 426
405 415 417
405 425 427 2789 2811 2813
405 415 3622 3626 3627
405 428 429 430 3622 3626 3628
406 408 425 426
406 407 419 428 429
406 407 422 423 424
409 410 417
409 411 428 429
412 413 414
412 414 422 424 431 432
417 425 427
422 424 425 426
431 432 433
434 447
434 447 448
434 447 448 495 511 513
434 441 443 461 463 1902 1903 1904 2819 2842 2843 3275 3276 3278
434 441 443 3275 3279 3281
434 444 446 461 463 495 514 516 1476 1501 1503 3275 3279 3281 3300 3301
434 449 450
434 438 440 458 459
434 444 445 446 447 448
434 452 453 454 2119 2129 2130 2135 2136
434 452 453
434 441 442 443 3275 3294 3295
434 444 445 1902 1924 1925 2848 2873 2874
434 449 451 2848 2855 2856
434 444 445 446 2848 2873 2874
434 441 442 458 460
434 461 462
434 449 451
434 438 439 455 456
434 452 453
434 461 462 3275 3297 3298
434 452 454
434 441 442
434 441 443
435 436 437
438 440 455 457
438 439 440 455 457
447 448 449 451
449 458 459
449 450 451
449 458 460
461 462 463
464 489 490 2390 2391 2392
464 465 466 467 1902 1924 1926
464 468 470 489 491 2848 2849 2851 2870 2871
464 474 476
464 486 488
464 492 494 1384 1406 1407 1409 1411
464 468 469 470 2848 2867 2869
464 468 470 495 496 497 514 516
464 480 482
464 468 470 2848 2870 2871 2879 2895 2897
464 471 473 492 493 1902 1921 1922 2848 2870 2871
464 483 485
464 480 481 482
464 471 473 480 2848 2876 2877
464 474 475
464 477 478 492 494
464 480 482
464 477 478 479 480 482 1902 1921 1923
464 486 487
464 474 475
464 465 467 483 484 495 508 509 517 519
464 480 2879 2901 2903
464 489 491 1902 1921 1922
464 477 479 480 1507 1511 1512
464 477 479 1322 1344 1345 2727 2740 2742 2743 2745
464 465 467 486 487
464 483 484 1902 1903 1905 1909 1910 1927 1929 1930 1932
464 471 472 473 486 488
464 477 478
465 466 483 485
468 469 486 487
468 469 486 488
471 472 489 491
474 476 477 478
474 475 480 482
480 481
489 490 492 493 494
489 490 491
495 499 500 2879 2898 2899
495 523 524
495 508 510
495 502 504 523 524 525 2879 2898 2899
495 502 504
495 499 500 502 503 517 519 520 521
495 514 515 516 2879 2907 2909
495 499 501
495 511 1902 1930 1932 2879 2904 2906
495 523 524 2819 2836 2838
495 517 518
495 496 498
495 511 512 513
495 502 503 511
495 505 507
496 497 505 506
496 498 517 518
499 501 520 521
499 500 517 519
502 503 504
505 506 520 522 523 525
505 506 511 512 513 520 522
508 509 510 511 512
511 514 515
511 517 518
520 521 522
526 530 531 557 567 569 579 580 582 583
526 533 535 536 537 554 555 619 635 636
526 536 537 542 544
526 551 553 3426 3442 3444
526 554 556 2300 2325 2327
526 539 588 589 590
526 533 535 619 644 645 3336 3358 3359
526 527 529
526 554 555
526 536 537 539 541 3336 3337 3339
526 545 546 547 1933 1955 1956
526 554 556 619 632 634 635 637 3336 3352 3353
526 539
526 545 546 2328 2335 2337
526 539 540 554 556 2300 2313 2314 3336 3346 3347
526 530 531 533 534 548 550
526 542 543 544
526 536 538 1538 1563 1564 1566 1579 1580
526 548 549 550
526 548 550 557 576 578 619 620 622
526 533 534 535 548 550 551 553 554 555
526 551 552
526 554 555 619 638 639
526 527 528 529 542 3336 3358 3360
526 542 3154 3164 3165
526 536 538 539 541 542 544
527 528 545 547
530 532 551 552
530 531 532 539
533 534 551 552
533 534 535
533 534 551 552 553
539 541 542 543
539 554 555
539 540 542 543 544
542 548 549
542 545 547
557 570 571
557 576 578 1538 1542 1543 1544
557 585 586 3154 3161 3163
557 564 565 588 616 618
557 567 568 582 584 588 595 596 616 617 3154 3177 3179
557 579 581 2451 2478 2480
557 564 565 588 598 599 601 602 604 606
557 561 562 619 641 643
557 567 568 573 574 588 604 606
557 564 565
557 558 560 576 578
557 573 575 3336 3337 3339
557 570 571
557 579 581 1538 1539 1540 2451 2478 2479
557 561 563 582 583 588 598 600
557 558 559 579 580 588 595 596
557 576 577 619 623 624 641 643
557 564 565 567 569
557 573 575 619 620 622
558 559 560 579 580 582 583
558 559 576 578
558 560 579 580
561 563 579 580
561 562 563 582 583
561 562 579 581
564 565 566
564 566 567 568 585 587
567 569 570 571
570 572 573 575
570 571 572
573 574 575
576 577 578
582 583 584
585 586 587
588 604 3426 3430 3431
588 604 606 3154 3161 3163
588 592 593 607 609
588 601 602
588 592 594 2300 2301 2303 2322 2323
588 607 609 2300 2313 2315
588 613 614
588 589 590
588 601 603 604 605
588 610 612
588 604 605 3367 3386 3387
588 607 608 609 2300 2310 2312
588 604
588 604 606
588 604 605 606
588 589 591
588 592 594 601 2300 2301 2303 2319 2321 2322 2324
588 601
588 598 599
588 601 603
588 595 596 613 615 2451 2469 2470
588 610 612
588 589 591
588 595 597 616 617 3154 3155 3156
589 590 592 593 610 611
589 591 610 611
592 593 594 601
592 593 610 612
592 594 613 614 615
595 596 597
598 599 616 618
604 616 617 618
604 607 608
619 635 637 2451 2475 2476
619 629 630
619 620 622 1538 1551 1552 2451 2466 2468
619 638 640
619 635
619 626 627 628 3336 3337 3339
619 638 640
619 638 640 3336 3358 3359
619 644 645
619 635 637
619 632 634
619 629 631
619 638 639 3679 3682 3684
619 629 630 647 649
619 620 621
620 621 638 640
620 622 641 642
620 621 638 639 644 646
623 625 644 645
623 624 625 641 642
626 628 647 648
626 627 641 643 644 646
629 630 631 632 633
632 634 635 636 637
632 633 634 635 637
635 638 640
644 645 646
644 646 647 648 649
650 651 653 672 673 2636 2661 2663
650 663 1933 1937 1938
650 660 662 666 668 672 674 2149 2150 2151 2636 2658 2659
650 651 653 2636 2643 2645 2652 2653 2654
650 666 2636 2640 2642 2661 2662
650 654 655 663 664 1933 1940 1941 2636 2661 2663
650 678 680 2636 2640 2642
650 651 652 2636 2658 2659
650 654 655 3454 3458 3459
650 651 653 672 673 1933 1940 1942 2149 2150 2151
650 672 673 2636 2637 2639
650 660 661 662 666 668 1933 1934 1936 2636 2664 2666
650 651 653 660 661 666
650 657 659
650 669 670 2636 2655 2656
650 654 656 2636 2664 2666
650 675 676 677
650 657 658 659
650 666 667 668
650 657 658 675 676
650 663 664 665 2636 2640 2642
650 663 2543 2547 2549
650 660
650 651 652 663 664 666 668 672 674 2149 2150 2151
651 652 669 671
654 655 660
654 656 678 680
654 655 672 674
657 658 675 677
657 659 663 678 679
660 661 666
663 665 666 667
666 678 680
669 670 671
672 673 674
678 679 680
681 700 701
681 682 683 703 704 2481 2485 2486
681 703 705 706 707 708 709
681 688 690
681 688 689 3576 3585 3587
681 694 1933 1934 1936 1937 1939
681 685 686 3367 3392
681 706 707
681 694 1597 1622 1624
681 697 698 2636 2655 2657
681 691 692 3063 3079 3081 3091 3092
681 691 693 708 710 2758 2774 2776 3063 3085 3087
681 694 696
681 691 692
681 691 692
681 697 699
681 703 705
681 703 704 2481 2503 2505
681 685 687 706
681 685 686
681 694 697 699 2636 2640 2642
681 688 690 708 710 2269 2288 2289
681 694 696 706
681 682 683 2481 2491 2493 2509 2511
681 697 699 2636 2655 2657
681 694 695
681 694 696
681 688 689 690
681 688 689
681 703 704
681 694 695 696 697 698
681 700 702
681 697 699
681 697 698
682 684 700 702 703 704
682 683 684
685 686 687 694 696
691 692 693
691 693 694 695 697
694 700 701 702
697 700 701 703 704
697 698 699
708 709 710
711 733 734
711 727 728 729
711 724 726 727 728
711 724 3033 3057 3059 3060 3062
711 727
711 736 737 3033 3048 3050
711 721 723 3033 3042 3043 3044 3060 3061
711 718 719 720 2328 2350 2352
711 712 714
711 718 719 2328 2341 2342 2344 2345 2636 2652 2653
711 721 723 3033 3057 3058 3059
711 715 717 739 740
711 712 713 730 732
711 724 725 726
711 715 716 717
711 724 730 731
711 733 734 735
711 727 729
711 727 729
711 715 716 3033 3060 3061
711 724
711 736 738 2328 2332 2333
711 718 720 3033 3039 3041
711 727 729 1933 1949 1950
711 727 728 729
711 739 740 2328 2329 2331
711 736 737 3094 3110 3112
711 715 717 739 740 3033 3037 3038
712 714 730 731
712 713 714
712 714 733 734
718 719 736 738
718 720 721 722 723
721 722 736 737 739 741
721 722 739 741
721 723 727
721 723 724
724 725 727
727 730 732
739 740 741
742 755 756 758 759
742 746 748
742 755 757
742 758 2359 2366 2368 2543 2559 2561
742 764 765
742 755 757 758 760
742 758 764 765 766 3367 3368 3369
742 767 769
742 755 756
742 752 753 770 772 3367 3371 3372
742 749 751
742 746 747 3367 3371 3372 3373
742 758 759 767 768
742 743 745 761 763
742 755 757
742 749 751 770 771
742 764 766 1597 1622 1623
742 743 744
742 761 762 1597 1604 1605
742 758 760 2512 2537 2538
742 770 772
742 758 760
743 744 745
743 745 746 747 764 766
746 747 748 758 759
746 748 770 771
749 750 751
749 750 767 769
752 754 755 756 758 760
752 753 754
758 759 760
761 762 763
767 768 769
770 771 772
773 774 775 792 793 798 799 801 802 2512 2513 2514 2519 2520
773 792 793
773 798 799 2512 2522 2523 2528 2529 2540 2541
773 801 802 1995 2011 2013 2481 2506 2507
773 774 776 795 796 2512 2516 2518
773 798 799
773 783 785 789 790
773 798 800
773 774 775 2543 2559 2561
773 795 796 797 2512 2516 2518
773 786 788
773 783 785 786 787 2543 2550 2552
773 774 776 795 796
773 780 782 801 802 1995 2002 2004 2005 2006 2011 2013
773 792 794 804 816 818 2667 2686 2687
773 783 785 789
773 789 790 791
773 786 787 789 791 2667 2689 2691
773 798 800 3245 3263 3264 3336 3361 3362
773 798 800 1995 2023 2025
773 792 793 2512 2534 2535 2540 2541
773 789 795 796 1292 1293 1294 3336 3352 3354
773 783 784 1995 2005 2007 2008 2009 2011 2012 2023 2025 2512 2516 2517
773 777 779 795 797 834 844 845 847 848 856 858
773 786 787 789 790 791 2543 2550 2552 2571 2572
773 789 2636 2643 2644 2645
773 780 781 783 784 789 791 798 800
773 774 776
774 775 792 794
777 778 779 795 796
777 779 798 799
780 781 782 801 802
780 781 798 800
783 784 801 803
783 785 789 790
783 784 801 802 803
786 787 788
786 788 789 790
792 793 794
804 822 823 834 850 852 2026 2051 2053
804 814
804 819 821
804 819 821 2512 2540 2542
804 814 815 819 821
804 811 813 831 832 2667 2686 2687
804 822 824 834 850 851 852 2512 2519 2521
804 814 815
804 805 806 822 823 824 1995 2020 2021
804 808 809 828 829 830 3454 3470 3472
804 814
804 822 823 834 850 852
804 819 821 3454 3478 3479
804 805 807 825 826 1995 1996 1997 2543 2544 2545
804 811 812 2512 2534 2536
804 822 824 825 826 2512 2534 2536
804 819 2300 2304 2305
804 811 813
804 811 812 2667 2686 2687 2688 3454 3470 3472
804 825 826 827 1995 1999 2000
804 819 825 827 1353 1375 1376 2543 2562 2564
804 828 830 2512 2513 2515
804 808 810 2667 2686 2688 3454 3470 3471
804 808 810 831 832 2512 2513 2515
804 822 824 834 847 848 850 851
804 816 817
805 806 822 824
805 806 807
808 810 828 829
808 809 825 827
808 810 811 812 813 828 829
811 812 828 830
816 817 818 819 820
819 820 821 831 833
831 832 833
834 838 840 859 860 861
834 850 852
834 859 861
834 850 853 854 1628 1635 1637
834 841 843 2543 2553 2554
834 844 846 847 848 1995 2017 2019
834 853 854 2667 2677 2679
834 856 858 2512 2519 2520 2537 2539
834 835 837
834 862 863
834 835 836 3454 3467 3468
834 856 857 2512 2522 2523
834 838 839 844 845 847 849 862 864 2543 2553 2554
834 862 864
834 835 836 2667 2689 2690
834 850 853 855 896 897 899 924 926 3454 3464 3465
834 847 3454 3458 3459
834 838 839 2543 2553 2554
834 850 852 2512 2513 2514
834 835 837 859 861 862 863
834 847 848 849
834 838 840
834 844 845 2512 2537 2538 2539
834 847 853 854 896 915 917
834 835 837 853 855 3454 3467 3469
834 859 860
834 850 896 903 904 906 908
835 836 837
838 840 841 843 859 860
838 840 856 857
841 842 843 862 863
841 842 859 861
844 846 856 858
844 846 847 849 850 851
844 845 846
862 863 864
865 887 889 3481 3503 3504
865 884 886 887 888 2026 2033 2035 2667 2686 2687
865 881 883
865 881 882
865 866 867 1628 1647 1648
865 869 870 887 889
865 869 870 1628 1632 1634 1653 1655
865 875 876 893 894 3481 3488 3489
865 866 868 1628 1632 1633 1650 1652 1653 1655
865 884 886
865 878 880 881 883
865 881 882 1353 1354 1356 1360 1361 1372 1373
865 872 873 878 879 880 893 895
865 890 892
865 875 876 890 892 1353 1381 1382
865 866 868 887 888 890 891 1353 1354 1355 1356 1628 1638 1640 1644 1645
865 866 867
865 881 882 884 885 890 891 892 1628 1638 1640 1644 1646
865 866 868 887 889
865 866 867
865 866 867 868 887 888 1628 1647 1649 1650 1651
865 875 877 1108 1112 1114
865 887 888
865 866 868
865 881 3481 3488 3490
869 871 875 877 878 879 880
869 870 871
872 873 874
872 874 890 892 893 894
875 876 893 895
875 876 878 879
878 879 880
878 879 880 881 882 883
881 890 891 893 894
896 906 908 909 910
896 912 913 914
896 909 910 911
896 906 908
896 906 907 2543 2550 2551
896 909 912 1628 1635 1637
896 909 911 912 914
896 903 905 924 925 1628 1656 1657
896 924 925 926 2667 2677 2678
896 915 916 2667 2668 2670
896 912 913
896 915 916 921 923 1995 2002 2004
896 912 914
896 912 913
896 897 899 909 2667 2695 2696
896 906 907
896 900 901 918 919
896 915 916 2667 2671 2672
896 900 902 3454 3467 3469
896 909
896 912 914
896 909 1628 1638 1639
896 906 907 924 926 2667 2680 2681 2689 2691
896 900 902 918 919 920 2543 2571 2573
896 909 911 2667 2695 2697
896 924 926 2667 2680 2681 2695 2696
897 898 899
897 898 915 917
897 899 912 924 925
897 899 918 919
900 902 921 922
900 902 918 920
900 901 902
903 904 918 920 921 923
903 904 905 921 922
903 905 912
906 907 909 910
909 910 912
927 952 953 988 995 996 1004 1005 1006
927 943 945
927 949 951
927 946 947 1019 1029 1030 1035 1036
927 931 932
927 943 945 952 954
927 934 936 3396 3423 3424
927 931 933 988 1010 1011 3396 3400 3402
927 943 945 3396 3423 3425
927 943 945
927 928 929 946 948 988 992 994
927 934 935 936
927 955 956
927 934 936
927 952 954
927 946 947 1019 1026 1028 1041 1042
927 928 930 949 950 1019 1041 1042
927 949 951 988 1007 1008
927 937 938
927 928 929 930 943 988 1013 1015
927 952 953 3545 3558 3560 3561 3562
927 952 953 954 2574 2575 2576
927 955 956 957
927 934 935
927 931 932 937 938 949 950 988 1013 1014
927 940 941 942 3545 3573 3574
928 929 931 933
928 930 949 950
931 932 949 951
931 933 952 953
934 936 955 956
937 938 955 957
937 939 940 941
937 938 939
940 942 943 944 955 956
943 946 948
943 944 945
946 947 948
958 959 960
958 965 966
958 965 967 985 986 3306 3324 3325
958 971
958 962 964 982 983
958 973 974
958 979 981 1840 1841 1843 1862 1863 2727 2734 2736
958 965 966 973 1446 1467 1469
958 979 980
958 965 967
958 971 976 977 1077 1096 1098
958 968 969 970
958 968 970
958 965 966 968 969
958 971 972 973 975
958 976 978
958 962 964
958 976 977 2300 2301 2302 3154 3171 3173
958 973 985 987
958 971 972 988 1004 1006 3396 3400 3401
958 959 960 2727 2734 2735
958 971 972 973 975 988 1001 1002
958 973 974 975
958 985 987
958 962 963 964 979 981
958 959 961 1840 1859 1861 2727 2746 2748
958 971 973 975 988 1004 1005
958 968 970 971
959 960 976 978
959 961 962 963 979 980
959 960 961 982 983
962 963 971 979 981
962 963 971 982 984
962 964 982 983 984
968 969 985 987
971 972 973 975
973 985 986
973 982 984
979 980 981
988 998 1000
988 998 1000 1013 1015 1016 1017 1018 2574 2596 2597
988 989 991 1809 1828 1830 3245 3255 3257
988 1004 1016 1018 3396 3417 3419
988 995 996 997 2574 2578 2579
988 992 994 3183 3190 3192
988 998 999
988 1004 1005 1006
988 989 991 1007 1009 1010 1012 3396 3412 3414
988 1001 1003 3396 3400 3401
988 992 994 1013 1015 3396 3409 3411
988 1001 1003
988 989 990 992 993 1010 1011 3396 3400 3402
988 1007 1008 1009 3396 3409 3410 3412 3413
988 1004 1006
988 995 997 1016 1017
988 1016 1018 2574 2581 2583
988 998 999 1446 1452 1454 1783 1800 1801 3336 3343 3345 3364 3365
988 992 993 1013 1014
988 1016 1017 1019 1043 1044 3183 3190 3192
988 1001 1002 1004 1006
988 992 993 1010 1011 1200 1225 1227 2574 2599 2600
989 990 1007 1008
992 993 1010 1012
995 996 997 1016 1017
995 996 1004
998 1000 1001 1002
998 999 1000
1001 1003 1004 1005
1007 1008 1009 1010 1011
1010 1011 1012
1013 1014 1015
1019 1023 1024 1038 1039 1040
1019
1019 1023 1025 1041
1019
1019 1026 1027
1019 1026 1027
1019 1026 1028
1019 1032 1033 1035 1037
1019 1035
1019 1020 1021
1019 1035 1037 3003 3004
1019 1029 1030 1043 1045
1019 1032 1034 1170 1171 1172
1019 1026 1027 1032 1034 1035
1019 1041
1019 1020 1022 1023 1024 1038 1039 1040 1783 1794 1795
1019 1020 1021 1022 1038 1039 1783 1791 1792
1019 1041 1042 1043 1044
1019
1019 1032
1019
1019 1023 1025 1032
1020 1022 1035
1023 1025 1038 1040
1023 1024 1025
1026 1028 1043 1044
1029 1030 1031 1035 1037
1029 1031 1032 1033
1035 1036 1037
1043 1044 1045
1046 1056 1059 1062 1064 1077 1081 1082 1087 1088 1093 1095
1046 1068 1069 1070
1046 1059
1046 1047 1048 1077 1093 1095
1046 1068 1070 1077 1087 1088 2698 2718 2719 2720
1046 1047 1049 1068 1069 3545 3564 3565
1046 1047 1048 1065 1066 1077 1090 1092
1046 1071 1073
1046 1074 1077 1102 1103
1046 1065 1066 1067 2698 2718 2720
1046 1050 1051 1059 1060 1068 1070 2698 2718 2720
1046 1056 1058 1062 1063 1064 1077 1084 1085
1046 1074 1076
1046 1062 1064 3518 3531 3532
1046 1056 1077 1081 1083 1102 1103
1046 1050 1052 2698 2707 2709
1046 1071 1073
1046 1056 1058 1074 1077 1084 1085 1105 1106
1046 1056 1057 1071 1072
1046 1056 1783 1797 1798
1046 1059 1062
1046 1050 1051
1046 1068 1070
1046 1050 1052 1074 1075 3545 3564 3566
1046 1065 1067 1077 1081 1082 1090 1091
1046 1074 1075 1076 2698 2699 2700
1046 1059 1061 1062 1064
1047 1048 1065 1067
1047 1048 1049 1059
1050 1051 1052 1053 1054
1050 1052 1053 1055 1071 1072
1053 1054 1071 1073
1053 1054 1055 1071 1072
1053 1055 1056 1057
1056 1058 1074 1076
1056 1057 1058
1056 1058 1059 1060
1059 1061 1062 1063
1059 1061 1062
1059 1060 1062
1062 1063 1064
1077 1096 1098 1099 1100 1101 2420 2436 2438
1077 1087 1089 1093 1095 3545 3564 3565
1077 1087 2698 2718 2719
1077 1090 1096 1098 2420 2433 2435
1077 1081 1083 1084 1086 2698 2710 2711 2718 2720
1077 1099 1101 1200 1219 1220 1228 1230
1077 1093
1077 1102 1104
1077 1084 1085
1077 1087 1093 1094
1077 1078 1079 1080 2727 2746 2748 2789 2816 2817
1077 1087 1088
1077 1090 2420 2436 2438 2448 2449
1077 1090 1091 1092 1093 1094
1077 1078 1079 2727 2728 2730
1077 1087 2698 2718 2720
1077 1105 1107
1077 1090 3622 3635 3637
1077 1081 1082
1077 1099 1101
1077 1084 1086 1102 1103 2698 2710 2712
1077 1096 1097 2420 2433 2434 2448 2450
1077 1102 1104
1077 1078 1080 1096 1097 1099 1100 2420 2436 2438
1077 1099 1100 2420 2427 2429 2448 2449
1077 1093 1094
1078 1079 1080
1084 1086 1093 1095 1105 1107
1087 1105 1106 1107
1087 1088 1089
1090 1096 1097
1093 1094 1095
1093 1096 1097
1096 1097 1098
1108 1118 1120 1133 1134 1136 1138 3545 3546 3548
1108 1136 1138
1108 1118 1119 1133 1135
1108 1121 1122
1108 1118 1119 1136 1137
1108 1127 1128 1139 1155 1156 1157
1108 1136 1137
1108 1112 1114
1108 1124 1125 1139 1155 1157 3622 3629 3630
1108 1121 1123 1124 1125
1108 1124 1125 1126 1139 1152 1153 1155 1157
1108 1124 1126
1108 1115 1116 1117 1139 1161 1162
1108 1109 1110 1112 1113 1130 1131
1108 1130 1131 1139 1146 1148 1149 1150 1167 1169
1108 1112 1114
1108 1109 1111 1139 1146 1148
1108 1133 1135 1170 1177 1178 1194 1196
1108 1109 1110 1127 1128 1139 1155 1156
1108 1133 1135 1139 1161 1162
1108 1118 1120 1124 1126 1133 1135 1136 1137 3183 3184 3185 3202 3204
1108 1121 1122 1123 1139 1149 1151
1108 1121 1123
1108 1109 1111 1130 1131 1139 1161 1163
1108 1127 1129 1139 1152 1154
1108 1112 1113 1139 1140 1142
1109 1111 1130 1131 1132
1109 1110 1127 1129
1112 1113 1115 1116 1130 1132
1112 1114 1133 1134
1115 1117 1136 1137
1118 1119 1120
1139 1167 1169
1139 1149 1151
1139 1146 1147 1161 1163 1164 1166 3183 3205 3207
1139 1146 1148
1139 1149 1151
1139 1146 1147 1148 3622 3629 3631
1139 1158 1159
1139 1155 1157 3511 3512 3514 3515 3516
1139 1149 1150 1167 1168
1139 1164 1166
1139 1161 1162
1139 1152 1154 1155 1156
1139 1143 1144
1139 1164 1165
1139 1146 1147 3622 3646 3648
1139 1158 1159 1160
1139 1155 1157
1139 1158 1159 3183 3202 3203
1139 1140 1142 2789 2811 2812 3622 3635 3637
1139 1167 1168
1139 1161 1163
1139 1140 1141 1155 3183 3190 3191 3211 3212
1139 1140 1141 1146 1147 1161 1162 3183 3184 3185
1139 1158 1160
1140 1141 1158 1160
1140 1142 1161 1162
1140 1141 1155
1143 1145 1161 1163 1164 1165
1143 1144 1145
1143 1144 1164 1165 1166
1149 1150 1152 1153
1149 1151 1155 1156
1152 1153 1154
1170 1185
1170 1177 1179 3622 3629 3630
1170 1171 1172 1173 3591 3592 3594
1170 1177 1179 1182 1184 1185 1187 3183 3187 3188 3211 3213
1170 1185 1187 3545 3549 3550
1170 1174 1175 1176 1182 1184 1840 1868 1869
1170 1182 1183 2026 2030 2032 2045 2047 2048 2050
1170 1180 1181
1170 1194 1196
1170 1180 1181
1170 1188 1190
1170 1194 1195 1196
1170 1171 1172
1170 1171 1172 1174 1176 3545 3567 3568
1170 1197 1198
1170 1180
1170 1182 1184 1185 1187 1197 1198 2026 2030 2031 2051 2052
1170 1188 1190
1170 1171 1172 1188 1190
1170 1174 1176
1170 1194 1195 1196 3183 3187 3188
1170 1177 1178
1170 1177 1179
1170 1174 1176 1191 1192 1197 1199 3622 3646 3647
1171 1173 1174 1175 1191 1193
1171 1173 1191 1192
1174 1175 1176
1177 1178 1179
1180 1181 1182 1183
1182 1183 1185 1186 1197 1199
1182 1184 1185 1186
1185 1186 1187
1188 1189 1190
1191 1192 1193
1200 1201 1202 1213 1214 1216 1217 1752 1771 1772
1200 1201 1203
1200 1225 1226
1200 1228 1230
1200 1216 1218
1200 1213 1752 1780 1782 2605 2627 2629
1200 1204 1206 1222 1223 2605 2627 2628
1200 1216 3692 3695 3697
1200 1216 1217
1200 1216 1218
1200 1207 1209 3154 3161 3163 3177 3179
1200 1228 1230 3692 3695 3696
1200 1225 1226 1752 1765 1766 1768 1770
1200 1210 1212 1213 1214
1200 1216 1218
1200 1204 1205 1231 1250 1251 2789 2796 2798 2816 2817
1200 1213 1215
1200 1213 2605 2627 2628
1200 1207 1209 2605 2633 2635
1200 1219 1220 1221
1200 1216 1217 2088 2092 2093 2789 2796 2797 2798
1200 1219 1220 1231 1232 1234 2789 2799 2800
1200 1213 1215 1216 1217
1200 1210 1212
1200 1216 1217
1201 1202 1219 1221
1201 1203 1222 1223
1201 1203 1204 1205 1206
1204 1206 1207 1208 1209 1222 1224
1204 1205 1222 1223 1224
1207 1208 1225 1227
1207 1209 1228 1229
1210 1211 1212 1228 1229
1210 1211 1212 1228 1230
1213 1219 1220
1213 1222 1224
1225 1226 1227
1231 1253 1254
1231 1235 1236 1237 1253 1254 2789 2816 2817
1231 1259 1261
1231 1244 1246 2605 2624 2626
1231 1253 1254
1231 1238 1240
1231 1232 1233 2789 2805 2807
1231 1253 1255 2789 2814
1231 1232 1233 1253 1254
1231 1241 1243
1231 1256 1257 1258 2420 2421 2422
1231 1232 1233 2789 2805 2806 2807
1231 1250 1252
1231 1232 1233
1231 1232 1234 2789 2802 2804 2805 2806
1231 1247 1249 1259 1261 1752 1753 1754 2605 2624 2625
1231 1244 1245 1246 1752 1768 1769 1770
1231 1250 1252 2789 2816 2818
1231 1256 1257 2088 2107 2109 2420 2448 2450
1231 1256 1258
1231 1235 1236 1247 1249 1256 1258 3125 3135 3136
1231 1238 1240 3245 3255 3257
1231 1241 1242
1231 1235 1236
1231 1247 1249 1752 1771 1773 2789 2802 2803
1231 1232 1233 1250 1252
1231 1247 1249
1231 1250 1251 1252 2789 2799 2800
1231 1256 1257
1231 1241 1243 1244 1245 2420 2442 2444 2605 2618 2619
1232 1234 1253 1254
1235 1237 1256 1257
1238 1239 1256 1258
1238 1240 1253 1255 1259 1260 1261
1238 1240 1259 1260
1238 1239 1244 1246 1247 1248
1241 1242 1243
1247 1248 1249
1256 1257 1258
1262 1269 1270 1287
1262 1281 1283 3125 3126 3127 3129 3130 3148 3149
1262 1281 1282
1262 1272
1262 1278 1280 1384 1385 1386 1387 1388 1389
1262 1272 1273
1262 1289 1290 1291
1262 1284 1285 1286
1262 1275 1276 1277 1278 1279
1262 1275 1276 1384 1403 1404
1262 1281 1282
1262 1287
1262 1275 1276 1277
1262 1269 1271 1275 1384 1391 1393
1262 1275 1289 1291 1384 1403 1405
1262 1281 1282
1262 1278 1287 1288
1262 1263 1265 1281 1283 3125 3126 3127 3128
1262 1269 1271
1262 1281 1283 3125 3126 3127
1262 1278
1262 1278 1280 1289 1291
1262 1289 1290
1262 1289 1290 1384 1403 1405
1263 1264 1281 1283
1263 1264 1265 1272
1263 1265 1266 1268 1284 1285
1266 1267 1278 1284 1286
1266 1267 1268
1266 1267 1281 1282 1283 1284 1285
1266 1268 1278
1269 1270 1271
1269 1270 1287 1288
1272 1274 1275 1276
1272 1273 1274 1275
1278 1279 1280
1292 1301 1303 1304 1305 1307 1309
1292 1310 1312
1292 1307 1310 1311 2819 2820 2821
1292 1298 1299 1316 1318
1292 1293 1294 2481 2482 2484
1292 1298 1299 1319 1321 3125 3129 3131
1292 1316 1317 1318 3125 3132 3134
1292 1304 1306 1307 1308
1292 1313 1315
1292 1293 1295 1964 1989 1990 2941 2948 2950 2972 2976 2978
1292 1307 1308 1309
1292 1298 1300 1319 1320
1292 1298 1300
1292 1304 1305 1307 1309 1446 1467 1469
1292 1307 1313 1314 3426 3451 3453
1292 1296
1292 1296 1297
1292 1310 1311 1476 1480 1481 1498 1500
1292 1310 1311
1292 1304 1305
1293 1295 1307
1293 1294 1295 1313 1314
1293 1294 1310 1312
1296 1297 1316 1317
1301 1302 1303
1301 1303 1319 1320
1301 1303 1304 1305 1306
1301 1302 1319 1320 1321
1304 1305 1306 1307 1309
1313 1315 1319 1320
1322 1332 1334 1335 1337 2910 2911 2912 2914 2915 2929 2930 2938 2939
1322 1332 1333 1334 2910 2911 2912 2929 2930
1322 1344 1346 3702
1322 1323 1325
1322 1341 1343
1322 1323 1324 1341 1343 3670 3676 3678
1322 1335 1337
1322 1326 1328 1332 1333 2910 2917 2919
1322 1323 1324 1335 1336
1322 1338 1340
1322 1326 1327
1322 1338 1339 1341 1342
1322 1338 1340 3214 3230 3231
1322 1338 1340
1322 1341 1343
1322 1341 1343
1323 1325 1338 1339 1340
1326 1327 1329 1331 1332 1334 1350 1351
1326 1327 1328 1347 1348 1350 1351
1329 1330 1347 1349
1329 1331 1350 1351 1352
1329 1330 1331 1347 1348
1332 1333 1350 1351
1332 1333 1350 1352
1335 1336 1337
1335 1337 1338 1339
1344 1346 1350 1352
1344 1345 1346
1353 1363 1365 1366 1367 1628 1641 1642
1353 1354 1355 1356 1372 1373 1375 1376 1378 1380 1628 1650 1651
1353 1369 1371 3336 3352 3354
1353 1369
1353 1360 1362 1378 1379
1353 1354 1355 1372 1374
1353 1354 1355 1372 1373
1353 1357 1359 1378 1379
1353 1372 1374
1353 1363 1364 1381 1383
1353 1369 1371
1353 1369 1370 1371
1353 1375 1377
1353 1357 1358 3481 3508 3509
1353 1366 1367 1369 1628 1644 1646
1353 1354 1356 1628 1647 1648
1353 1366 1368
1353 1375 1376 1964 1971 1972 1989 1991 2758 2774 2776
1353 1378 1380 2543 2553 2554 2555 2571 2573
1353 1363 1365 1369 3481 3497 3499
1353 1375 1377
1353 1363 1364 1366 1367
1354 1356 1360 1362 1378 1380
1357 1358 1359
1357 1358 1375 1377
1360 1361 1372 1373
1360 1361 1378 1380
1360 1361 1362
1360 1362 1381 1382
1363 1364 1381 1382 1383
1375 1376 1377
1384 1400 1401
1384 1412 1414 1933 1946 1947
1384 1394 1395
1384 1400 1401
1384 1397 1398
1385 1386 1387 1403 1405
1385 1387 1394 1396 1412 1413
1385 1386 1403 1405
1388 1390 1409 1410
1388 1389 1394 1395 1403 1404 1409 1410
1388 1389 1406 1408
1391 1392 1393 1409 1411
1391 1393 1409 1411
1391 1393 1394 1395 1412 1413 1414
1394 1395 1396 1406 1407 1412 1414
1394 1395 1396
1397 1398 1399
1400 1401 1402
1406 1407 1408
1415 1416 1417 1418 3214 3227 3229
1415 1431 1432 2119 2144 2146 2179 2180 2181
1415 1425 1427 2179 2201 2202
1415 1428 1429 3426 3430 3431
1415 1431 1433 3214 3218 3219
1415 1416 1418
1415 1437 1438
1415 1425 1426 1431 1433
1415 1422 1423 1425 1427 1443 1445
1415 1419 1420
1415 1437 1438
1415 1422 1423 1443 1445
1415 1416 1417 1871 1872 1873 1878 1879 1893 1895
1415 1443 1444 1871 1878 1879 3652 3656 3657
1415 1425 1426
1415 1434 1435 2207 2211 2212 2232 2233
1415 1416 1418 1437 1438
1415 1440 1442 1443 1445 2179 2180 2181 2195 2197
1415 1431 1433 3426 3445 3446 3447
1415 1437 1439
1415 1419 1421 1440 1441
1415 1434 1436 1871 1899 1901
1415 1431 3426 3442 3443
1415 1416 1417 1434 1436 1871 1875 1877
1415 1419 1421
1415 1428 1430
1415 1431 1433
1419 1420 1431 1440 1441
1419 1420 1421 1422 1423 1424
1419 1421 1422 1423 1437 1439 1440 1442
1422 1424 1428 1430 1431 1432
1422 1424 1443 1444
1422 1423 1431 1432 1433
1425 1426 1427
1425 1427 1428 1429 1430 1440 1442
1434 1435 1436
1437 1438 1439
1440 1441 1442
1443 1444 1445
1446 1455 1456
1446 1447 1448 3518 3519 3520 3522 3524
1446 1452 1453 1461 1463
1446 1449 1450 1467 1469 3518 3522 3523 3537 3538
1446 1461 1462 1463
1446 1470 1472
1446 1447 1464 1466
1446 1464 1465 2972 3000 3001 3002
1446 1447 1461
1446 1473 1475 2910 2917 2918 2919
1446 1447 1448 1461 1462
1446 1464 1465 2972 2982 2983
1446 1458 1460 1470 1472
1446 1455 1456 1473 1475 3518 3522 3524
1447 1448 1467 1468
1449 1451 1455 1457 1458 1459
1449 1450 1467 1468 1469
1449 1450 1451
1449 1450 1467 1468
1452 1454 1473 1474
1452 1453 1454
1452 1454 1458 1460 1461 1463
1455 1457 1467 1469 1473 1474
1455 1456 1457
1458 1459 1460
1461 1463 1470 1472
1461 1470 1471
1464 1465 1466
1470 1471 1472
1476 1480 1481 2819 2836 2837
1476 1489 1490 3275 3294 3296
1476 1501 1502
1476 1498 1499
1476 1483 1484 1492 1494 1902 1921 1922
1476 1489 2819 2820 2822
1476 1492 1494 1504 1506
1476 1489 1491 1492 1494
1476 1492 2819 2823 2824
1476 1501 1503
1476 1477 1478 1479
1476 1495 1496
1476 1489 1491 3275 3285 3286
1476 1495 1496 2819 2829 2831 2845 2847
1476 1498 1500
1476 1504 1506
1476 1492 1494
1477 1479 1498 1499
1477 1478 1489
1480 1481 1482
1480 1482 1489 1491 1501 1502
1483 1484 1501 1503
1486 1487 1488 1489 1490
1486 1488 1492 1504 1505
1486 1488 1489 1495 1497
1486 1487 1504 1506
1489 1490 1491
1492 1493
1492 1504 1505
1495 1496 1497
1498 1499 1500
1507 1535 1536 1537
1507 1532 1534
1507 1511 1512
1507 1523 1525
1507 1511 1513
1507 1511 1513 1532 1534
1507 1520 1522
1507 1526 1527
1507 1526 1528 2179 2186 2187
1507 1508 1510 1526 1528 3214 3239 3240
1507 1508 1509
1507 1532 1533
1507 1517 1519 1520 1521
1507 1520 1521 1523 1525
1507 1520 1522 1523 1525
1507 1535 1537
1507 1514 1516
1508 1509 1511 1513 1517 1518 1529 1531
1508 1510 1517 1519 1529 1530
1511 1512 1532 1533 1534
1514 1516 1535 1536
1514 1515 1517 1518 1519 1535 1537
1514 1515 1532 1534
1517 1519 1520 1521
1517 1518 1535 1536 1537
1520 1522 1523 1524
1523 1524 1525
1526 1527 1528
1529 1530 1531
1538 1545 1546 1548 1549 1550
1538 1560 1562 2451 2475 2476
1538 1554 1555 1560 1562
1538 1557 1558
1538 1551 1552 1553 2149 2161 2162
1538 1557 1559 2149 2156
1538 1554 1556 2451 2466 2467
1538 1539 1541 1560 1561 3679 3685 3687
1538 1551 1553 1554 1555 1556
1538 1557 1558
1538 1560 1561 1562
1538 1542 1543 2451 2460 2462
1538 1548 1550 1554 1556 2451 2463 2464 2466 2467
1538 1545 1547
1538 1554 1555 1556
1538 1545 1546
1538 1557 1558 1559 2149 2173 2174
1538 1539 1541 1551 1553 1563 1565 2149 2158 2159 2160
1538 1539 1540 1557 1559 2149 2153 2154
1538 1545 1547 1548 1550 1554 1555 2451 2466 2467 2468
1538 1539 1540
1538 1545 1546 1547
1538 1554 2149 2164 2166
1539 1540 1541
1542 1544 1563 1564
1548 1550 1554 1556
1548 1549
1554 1560 1561
1557 1558 1563 1564 1565
1566 1591 1593 2451 2469 2471
1566 1579 1581 1582 1583 1584
1566 1576 1577 1579 1580
1566 1582 1583
1566 1588 1590 2451 2454 2455
1566 1579
1566 1570 1571 2149 2164 2166
1566 1573 1575 2451 2452
1566 1582 1584
1566 1570 1572 1573 1574 2451 2452 2453 2472 2473
1566 1588 1589
1566 1588 1590 3367 3383 3384
1566 1585 1586 3336 3361 3363
1566 1570 1571
1566 1567 1568 1588 1590
1566 1567 1568 1569
1566 1582 1584
1566 1588 1590 1591 1592 3336 3361 3363
1566 1585 1587
1566 1591 1592
1566 1567 1569 1582 1583 2269 2285 2286
1566 1576 1578 1582 1584
1566 1567 1569 2451 2452 2453
1566 1576 1577
1566 1591 1592 2451 2469 2471
1566 1579 1580 1581 3688 3689 3691
1566 1582 1583
1567 1569 1588 1589
1570 1571 1572 1585 1587
1570 1572 1576 1577 1594 1596
1573 1574 1594 1596
1573 1575 1594 1595
1573 1574 1591 1592
1576 1577 1582
1576 1578 1582
1579 1585 1586 1588 1589 1594 1596
1585 1586 1587
1591 1593 1594 1595 1596
1597 1616 1617 1933 1943 1945 1949 1950
1597 1613 1615
1597 1610 1611 1613
1597 1613 1615
1597 1619 1620
1597 1598 1600 1604 1606
1597 1601 1602
1597 1610 1612
1597 1601 1602
1597 1607 1609 1625 1627
1597 1604 1605 1606
1597 1613 1615
1597 1601 1603
1597 1616 1618 1933 1961 1962 1963
1597 1613 1614 1615
1597 1607 1608
1597 1613 1614
1597 1619 1621
1597 1601 1602 1619 1621
1597 1616 1618 3094 3098 3100
1597 1625 1627
1597 1598 1599 1600 3518 3531 3533
1597 1607 1609
1597 1601 1602
1597 1616 1618 1933 1961 1963
1598 1599 1616 1618
1601 1602 1607 1609 1610 1611
1601 1603 1613
1604 1605 1622 1624 1625 1626
1604 1606 1625 1626
1607 1608 1613
1607 1608 1609
1610 1611 1612 1613
1616 1617 1618
1619 1620 1622 1623 1625 1626
1628 1632 1633
1628 1653 1654
1628 1638 1640 1653 1655
1628 1647 1649 3481 3497 3499
1628 1635 1637
1628 1644 1645
1628 1629 1631
1628 1629 1630
1628 1641 1643
1628 1653 1655
1628 1638 1639 1641 1642 1643
1628 1653 1654 1655
1628 1635 1636 1638 1639
1628 1629 1630
1628 1629 1630 1631 1650 1652
1628 1632 1634
1628 1650 1651
1628 1647 1648
1628 1629 1630 1631
1628 1635 1636
1629 1631 1650 1651 1652
1635 1637 1656 1657 1658
1638 1640 1644 1646
1638 1639 1656 1658
1641 1643 1644 1646
1644 1645 1646
1647 1648 1649
1659 1660 1661 1678 1680 3667 3668 3669
1659 1660 1661 1662 2698 2724 2725
1659 1687 1689 3154 3169 3170
1659 1684 1685
1659 1666 1667 1668
1659 1675 1677 2359 2366 2367 2375 2376
1659 1681 1682 1721 1746 1747 3481 3482 3483
1659 1672 1674 1675 1676 2359 2366 2367
1659 1678 1679 1690 1700 1701 3667 3668 3669
1659 1675 2390 2412 2414
1659 1675 2390 2412 2414
1659 1672 1674 2359 2375 2377
1659 1675 1677
1659 1663 1664 1681 1683
1659 1684 1686 3003 3018 3019
1659 1669 1671 1672 1673 3003 3015 3016 3018 3020
1659 1681 1682 2698 2724 2726
1659 1684 1685 1721 1728 1730
1659 1672 1673 2359 2369 2371 2375 2376
1659 1675 1677
1660 1662 1681 1682
1663 1665 1669 1670 1671 1675
1663 1664 1665
1666 1668 1687 1688
1666 1667 1684 1686
1666 1668 1687 1688 1689
1669 1670 1687 1688 1689
1672 1673 1674
1675 1676 1677
1675 1684 1685 1686
1678 1679 1680
1681 1682 1683
1690 1691 1693 1703 1705
1690 1691 1693 3154 3169
1690 1691 1692 2698 2721 2722 2723
1690 1715 1717 2057 2076 2078 2079 2081
1690 1703 1704 2698 2704 2706
1690 1718 1720 1721 1731 1732 1749 1750
1690 1718 1719 2359 2375 2376 2377
1690 1691 1692 1694 1695
1690 1697 1698 1718 1719 2359 2372 2373
1690 1709 1711 3667 3668 3669
1690 1709 1710
1690 1706 1708
1690 1709 1710 3154 3167 3169
1691 1692 1693 1712 1713
1694 1695 1697 1698 1715 1716
1694 1695 1712 1714
1694 1696 1712 1713 1714
1694 1696 1715 1717
1697 1699 1715 1717
1697 1698 1699 1718 1720
1700 1702 1706 1708 1709 1711
1700 1701 1702
1703 1704 1718 1719 1720
1703 1705 1706 1707
1703 1705 1718 1720
1703 1704 1706 1708
1706 1707 1708
1715 1716 1717
1721 1722 1724 1740 1741
1721 1740 1742 3622 3643 3644
1721 1740 1742
1721 1743 1745 2057 2058 2059 2061 2063 2079 2080
1721 1740 1741 3481 3500 3501
1721 1737 1746 1748 3481 3500 3502
1721 1734 1735
1721 1731 1733
1721 1731 1732
1721 1749 1750
1721 1725 1727 1746 1747 3591 3610 3611
1721 1725 1726 1737 1739
1721 1740 1741 2057 2067 2068
1721 1749 1751
1721 1743 1744
1721 1725 1726 3481 3485 3486
1721 1728 1730 2390 2391 2393
1721 1740 1742
1721 1737 1809 1813 1815
1721 1725 1727
1721 1728 1729 1746 1747 1748 3481 3500 3501
1722 1723 1740 1742
1722 1723 1724 1728 1729 1743 1744
1725 1726 1727
1725 1726 1743 1745
1728 1729 1730 1749 1750
1728 1729 1746 1748
1731 1733 1734 1736 1737 1738
1731 1732 1733
1731 1732 1749 1751
1734 1735 1736
1737 1738 1739
1752 1774 1775 2605 2615 2616
1752 1753 1755
1752 1756 1758
1752 1759 1761
1752 1753 1754
1752 1774 1775 2420 2445 2446
1752 1756 1758 1774 1776 1777 1778 2605 2615 2616
1752 1762 1763 2605 2633 2635
1752 1765 1767
1752 1756 1757 1759 1760
1752 1762 1763 2420 2424 2425
1752 1771 1773 2605 2624 2625
1752 1768 1770
1752 1765 1767 1768 1769
1752 1780 1781 1782 2605 2615 2616
1752 1756 1758 1768 1774 1776 2605 2615 2616
1752 1768 2605 2633 2634
1752 1768 1770 2605 2633 2634
1752 1762 1764 1765 1766 2605 2633 2635
1752 1771 1772 2605 2615 2617
1752 1777 1778
1752 1771 1772 2300 2319 2321 2605 2612 2614
1752 1753 1755
1752 1756 1757
1753 1754 1755 1774 1775
1753 1754 1771 1773
1756 1758 1762 1763 1780 1782
1759 1760 1761 1780 1781
1762 1763 1764
1768 1777 1779 1780 1781
1768 1774 1775
1768 1769 1770
1771 1772 1774 1775
1777 1778 1779
1783 1784 1785
1783 1800 1802 2238 2239 2241
1783 1788 1789 1803 1805
1783 1800 1802
1783 1797 1799
1783 1786 1794 1796
1783 1784
1783 1800 1801
1783 1800 1802
1783 1797 1798
1783 1786 1787
1783
1783
1783
1783 1791 1793 1794 1796
1783 1803 1804
1783 1797 1799 1800 1801 1802
1783 1797 1798
1783 1803 1804 3125 3141
1783 1794 1796
1783 1786
1783 1784 1785 1800 1801
1783 1797 1799
1783 1797 1799
1783 1784 1785
1783
1783 1797 1798
1786 1787 1800 1802
1788 1789 1790
1791 1792 1793
1791 1793 1806 1808
1791 1792 1806 1807 1808
1794 1795 1796
1797 1798 1799
1803 1804 1805
1809 1822 1824
1809 1822 1828 1829 3591 3595 3596
1809 1825 1828 1829 2359 2378 2380 3591 3592 3593
1809 1828 1830
1809 1825 1827 1837 1839
1809 1813 1815
1809 1822 3591 3616 3617
1809 1834 1835
1809 1810 1811
1809 1825 1827 1837 1838
1809 1819 1820
1809 1810 1811 1813 1814
1809 1810 1811 1812
1809 1810 1812 1831 1832
1809 1813 1814 1831 1832
1809 1834 1835
1809 1813 1815
1809 1822 1825 3591 3616 3618
1809 1834 1836
1809 1822 1823 1825 1827
1809 1822 1823 1825 2390 2417 2419
1809 1819 1820
1809 1813 1814 1831 1832 1834 1836
1809 1816 1817 1818 3154 3169 3170
1809 1822 2390 2403 2404
1809 1813 1815 1816 1817 1828 1830 3591 3610 3612
1809 1819 1820
1809 1816 1818 1825 1826 1834 1836 1837 1839
1813 1814 1831 1833
1816 1818 1837 1838
1819 1820 1821 1822 1823
1822 1824 1825 1826 1827
1825 1826 1827
1831 1832 1833
1834 1835 1836
1837 1838 1839
1840 1853 1855
1840 1859 1861
1840 1862 1863
1840 1850 1851 2727 2731 2733
1840 1847 1849
1840 1856 1857 1858
1840 1841 1842 2727 2746 2748
1840 1862 1864
1840 1850 1851
1840 1865 1867
1840 1865 1866 3692 3695 3697
1840 1856 1857
1840 1853 1854 1855
1840 1856 1858
1840 1859 1860
1840 1847 1848
1840 1841 1843 2727 2737 2739 2749 2750
1840 1862 1863 1864
1840 1841 1842 1843
1840 1865 1866 1867
1840 1844 1846
1840 1844 1846
1840 1847 1848 1868 1869
1840 1850 1852 2727 2749 2751
1840 1841 1842 2727 2746 2747 2749 2750
1841 1842 1859 1861
1844 1845 1859 1860 1862 1864
1844 1845 1846
1844 1846 1865 1866
1847 1849 1868 1869
1850 1851 1852
1850 1852 1853 1854 1868 1870
1853 1854 1856
1856 1868 1869
1856 1865 1867
1856 1868 1870
1871 1878 1880
1871 1887 1888 1889
1871 1872 1873
1871 1872 1874
1871 1890 1892
1871 1890 1891 3214 3224 3225 3242 3244
1871 1890 1892 1893 1895 3545 3573 3575
1871 1872 1874 1893 1894
1871 1875 1876 2207 2211 2212
1871 1881 1882
1871 1881 1883 1884 1886
1871 1890 1891 3545 3570 3572
1871 1881 1882 1899 1900
1871 1872 1873
1871 1893 1894 1896 1898 3545 3552 3554
1871 1872 1873
1872 1874 1896 1897 1898
1872 1873 1887
1875 1876 1877
1875 1877 1893 1895 1896 1897
1878 1880 1899 1900 1901
1878 1879 1896 1898
1881 1882 1899 1901
1881 1882 1883
1884 1886 1887 1888 1899 1901
1887 1890 1891
1890 1892 1896 1898
1893 1894 1895
1902 1912 1914 1918 1920
1902 1903 1905
1902 1909 1911 1924 1926
1902 1915 1916 1918 1920 2238 2251 2253
1902 1912 1913
1902 1903 1904 1924 1925
1902 1927 1929
1902 1906 1907
1902 1924 1926 2879 2883 2884
1902 1909 1910 1924 1926
1902 1903 1904
1902 1915 1916
1902 1906 1908 1909 1911 1927 1928
1902 1924 1925
1902 1912 1914 2269 2276 2277 2294 2296
1902 1918 1920
1902 1915 1917 1930 1932 2848 2855 2857
1903 1904 1905 1924 1925 1926
1906 1907 1908
1909 1911 1930 1931
1912 1913 1927 1928
1912 1913 1918 1920
1915 1917 1918 1919
1918 1919 1920
1921 1922 1923 1927 1929
1930 1931 1932
1933 1934 1936
1933 1934 1935 1937 1938 1955 1957
1933 1940 1942
1933 1943 1944
1933 1943 1944 1945
1933 1955 1956
1933 1946 3063 3082 3083
1933 1940 1941
1933 1952 1954 1964 1974 1976 1989 1990
1933 1961 1962
1933 1949 1951
1933 1946 1947
1933 1952 1953
1933 1946 1948
1933 1937 1938
1933 1949 1951
1933 1952 1953 1964 1980 1981 1982
1933 1955 1956 1957
1933 1940 1942
1934 1935 1952 1953 1954
1934 1935 1946
1937 1939 1949 1958 1960
1937 1938 1939 1958 1959
1940 1941 1958 1959 1960
1940 1941 1942
1946 1947 1949 1951
1946 1948 1949 1950
1949 1958 1959
1949 1950 1951
1964 1965 1966
1964 1977 1979 1980 1982 2269 2270 2272
1964 1974 1975 1992 1994
1964 1971 1972 1973 3063 3085 3087
1964 1968 1970
1964 1965 1967 1968 1969 1986 1987 3576 3579 3581
1964 1992 1993 1994
1964 1974 1975 2269 2294 2295
1964 1971 1973 1992 1993 2758 2777 2779
1964 1971 1973 2758 2774 2776
1964 1983 1985 3063 3064 3066
1964 1965 1967 2481 2500 2502 3576 3579 3580
1964 1983 1985
1964 1965 1966 2758 2768 2769 2786 2788 3063 3076 3077
1964 1974 1975 1976 1977 1978 2269 2273 2274 3063 3088 3089
1964 1980 1982 2269 2273 2274 2275 2294 2295
1964 1965 1966 1971 1972
1964 1977 1979 1980 1982 2269 2273 2275
1964 1968 1969 1970
1964 1968 1970 1989 1990 3576 3582 3584
1964 1986 1987
1964 1968 1969 1986 1988 3576 3582 3583
1964 1965 1966 1983 1984 3063 3088 3090
1964 1989 1991
1965 1966 1983 1985
1974 1975 1976
1977 1978 1980 1981 1982
1977 1978 1979
1983 1984 1985
1986 1987 1988
1995 2002 2004
1995 2005 2007
1995 1999 2001 2020 2021 2512 2528 2530
1995 2014 2016 2543 2562 2563
1995 2005 2007 2543 2556 2557
1995 2014 2015 2543 2544 2545
1995 2011 2012 2013
1995 2014 2015 2016 2512 2522 2524
1995 2014 2015 2016
1995 2017 2018
1995 2020 2022
1995 2023 2024
1995 2005 2007 2543 2559 2560 2561
1995 2002 2004 2020 2022
1995 2023 2024
1995 2002 2003 2512 2519 2520 2531 2533
1995 2011 2013
1995 1996 1997
1995 2014 2015 3245 3246 3247
1995 2008 3245 3263 3265
1995 1996 1997 2017 2018 2019 2543 2544 2545
1995 2008 2009 2010 2011 2012 2013
1995 2005 2006
1995 1996 1998
1996 1997 2014 2016
1996 1998 2008
1996 1997 2020 2021 2022
1996 1998 2017 2018
1999 2000 2001 2017 2019
2002 2003 2004
2008 2010 2011
2011 2023 2025
2011 2023 2024
2026 2036 2037 2038
2026 2039 2041 2051 2052
2026 2036 2038
2026 2045 2047 2048 2049
2026 2039 2040 2054 2056
2026 2036 2037
2026 2027 2028 2029
2026 2042 2043 2044
2026 2045 2047
2026 2045 2046 2574 2590 2591 2592
2026 2045 2046 2574 2602 2604
2027 2029 2045 2047 2048 2049
2027 2028 2048 2049 2050
2030 2031 2048 2050
2030 2032 2054 2056
2033 2035 2042
2033 2034 2035 2051 2053
2033 2034 2051 2053
2036 2038 2042 2043 2044
2036 2037 2038 2042 2043
2039 2040 2041
2039 2041 2042 2044
2042 2054 2056
2042 2044 2054 2055
2057 2076 2078 3245 3272 3273
2057 2058 2059 2060 2085 2087 3154 3174 3176
2057 2082 2083
2057 2079 2080
2057 2061 2062
2057 2058 2059 3003 3012 3013 3015 3017
2057 2085 2086
2057 2064 2065 3154 3167
2057 2076 2077 2078 3003 3021 3023
2057 2076 2077 3245 3255 3256
2057 2076 2077 3245 3269 3271
2057 2073 2075 3708 3709 3710
2057 2073 3003 3030 3032
2057 2076 2077
2057 2064 2065 2085 2087 3003 3018 3020
2057 2064 2066
2057 2073 2075
2057 2073 2074 2075
2057 2064 2065 2082 2084
2057 2070 2071 2073 2074
2057 2082 2084
2058 2060 2073 2085 2086
2061 2062 2063
2061 2063 2082 2083
2064 2065 2073
2064 2066 2073
2064 2066 2085 2086
2070 2072 2073 2075
2073 2075 2079 2081 2082 2083
2085 2086 2087
2088 2107 2108 2109 2420 2427 2428 2430 2431 2432
2088 2104 2105 2113 2115
2088 2101 3692 3695 3696
2088 2089 2090 2107 2109 2420 2421 2422
2088 2101 2103 2104 2105
2088 2095 2097
2088 2101 2102 2104 2106
2088 2107 2108 2420 2436 2437 2438
2088 2110 2112
2088 2116 2117
2088 2098 2100 2104 2106 3125 3135 3136 3151 3153
2088 2089 2091 2104 2106
2088 2104 3125 3135 3137
2088 2101 2103 3125 3151 3153
2088 2089 2091 3692 3693 3694
2088 2110 2112 2789 2799 2801
2088 2092 2094 2110 2111 2420 2439 2441
2088 2098 2789 2814 2815
2088 2095 2096
2088 2089 2090 2091 2789 2816 2817
2088 2101 2103 2605 2624 2625 3125 3151 3152 3153
2088 2104
2088 2098 2100 2101 3125 3135 3137 3138 3139
2089 2091 2101
2092 2093 2094
2092 2094 2113 2114 2115
2092 2094 2110 2112
2092 2093 2098 2100 2101 2102 2104 2106
2092 2093 2104
2095 2096 2116 2117 2118
2095 2096 2097 2101
2095 2097 2098 2099 2110 2112
2098 2099 2100
2098 2099 2116 2118
2101 2102 2103
2104 2113 2114
2104 2105 2106
2119 2132 2133
2119 2135 2137
2119 2123 2124 2125 2144 2145
2119 2126 2128
2119 2147 2148
2119 2138 2140
2119 2129 2130
2119 2144 2146 3306 3310 3311 3327 3329
2119 2129 2130
2119 2129 2130
2119 2126 2128 2147
2119 2120 2121 3306 3327 3328
2119 2120 2121 2138 2139 3214 3218 3219 3220
2119 2126 2128
2119 2126 2127
2119 2144 2146
2119 2135 2137
2119 2135 2136 2137
2119 2135 3306 3327 3329
2119 2147 2148
2119 2123 2124 2141 2142 2143 2179 2192 2193 2201 2202
2119 2138 2139 3214 3239 3240
2119 2123 2125
2119 2126 2127
2119 2123 2124
2119 2123 2124
2119 2120 2122
2119 2126 2127 2147 2148
2120 2122 2138 2140 2141 2142
2120 2121 2122
2120 2121 2138 2140
2126 2127 2144 2146
2126 2128 2135
2126 2127 2144 2145
2129 2131 2132 2133 2134
2132 2133 2134
2149 2167 2168
2149 2173 2175
2149 2153 2155 2156 2157
2149 2150 2152
2149 2158 2160 2161 2162
2149 2164 2166 2170 2172
2149 2173 2175
2149 2161 2163 2164 2165
2149 2170 2171
2149 2158 2159
2149 2170 2171 2172
2149 2164 2167 2169 3679 3685 3687
2149 2164 2165 2166
2149 2158 2160 3154 3177 3178
2149 2167 2168 2169
2149 2156 2157 2173 2175
2149 2176 2177
2150 2152 2170 2172
2150 2151 2164
2153 2155 2164 2173 2174 2176 2178
2153 2155 2173 2174
2153 2154 2155
2156 2157 2170 2172 2176 2178
2156 2157 2173 2174
2158 2159 2160
2161 2162 2163
2164 2166 2176 2177 2178
2164 2170 2171
2179 2192 2194
2179
2179 2201 2203 3214 3227 3228
2179 2186 2188 2189 2191 3214 3230 3232
2179 2192 2194
2179 2195 2197 3426 3445 3447
2179 2189 2190
2179 2183 2185
2179 2189 2191
2179 2195 2196
2179 2186 2187
2179 2186 2187 2189 2190
2179 2189 2190
2179 2195 2196 3426 3430 3431
2179 2198 2199 2200
2179 2189 2190 2191
2179 2186 2188
2179 2198 2199
2179 2183 2184
2179 2198 2199
2179 2180 2182
2179 2183 2184 2185 2204 2205
2179
2179 2201 2203
2179 2195 2197
2180 2181 2182
2180 2182 2183 2184 2192 2194 2201 2202
2183 2185 2204 2205
2183 2184 2201 2203
2186 2188 2189 2191 2192 2194
2192 2193 2204 2205 2206
2192 2193 2194
2195 2196 2197
2198 2200 2201 2202
2204 2205 2206
2207 2220 2222 2223 2224 2225 2235 2237
2207 2229 2230
2207 2211 2213 2232 2234
2207 2211 2212
2207 2214 2216 2232 2233 3545 3558 3559
2207 2220 2221 3214 3215 3216
2207 2223 2225 3214 3233 3234
2207 2229 2231
2207 2211 2212
2207 2223 2224 2232 2233 3545 3561 3563
2207 2214 2215
2207 2211 2213
2207 2223 2225 2229 2230 3545 3561 3563
2207 2226 2227 3214 3215 3217
2207 2235 2236
2208 2209 2226 2227 2228
2208 2209 2210
2208 2210 2223 2225
2208 2209 2226 2228
2214 2215 2216
2214 2215 2229 2231 2232 2234
2214 2215 2232 2233 2235 2236
2214 2216 2217 2218 2232 2234
2217 2218 2219
2217 2218 2235 2237
2217 2219 2220 2221
2220 2222 2235 2236 2237
2220 2221 2222
2223 2229 2230 2231
2238 2251 2252
2238 2239 2241 2245 2247
2238 2266 2267
2238 2248 2250 2254 2256 2266 2268
2238 2251 2253
2238 2260 2262
2238 2245 2247 2251 2252
2238 2257 2258
2238 2266 2267
2238 2254 2255 2256
2238 2257 2258 2819 2839 2840
2238 2248 2250 2848 2852 2853
2238 2239 2240 2241 3702 3705 3706
2238 2248 2249 2250 2266 2267
2238 2263 2264
2238 2260 2261 2819 2839 2841
2238 2248 2249
2238 2254 2256 2257 2258
2238 2266 2268
2239 2240 2257 2259
2242 2243 2245 2246 2263 2265
2242 2244 2245 2246 2260 2261
2242 2243 2260 2262
2242 2243 2244
2242 2244 2245 2246 2254 2256
2245 2247 2248 2250 2254
2248 2249 2266 2268
2251 2252 2253 2254 2255 2256
2251 2253 2254 2255
2254 2257 2259
2263 2264 2265
2269 2285 2287
2269 2285 3063 3079 3080
2269 2294 2295
2269 2288 2290 2758 2768 2769 2771 2772
2269 2276 2277 2278
2269 2297 2298
2269 2282 2284
2269 2297 2298
2269 2285 2287
2269 2285 2287
2269 2282 2283
2269 2279 2280
2269 2270 2271 2288 2290 3063 3079 3081
2269 2282 2284
2269 2288 2289 2758 2771 2772
2269 2276 2278
2269 2291 2293
2269 2285 2287
2269 2273 2274
2269 2276 2278
2269 2270 2271 2273 2274 2291 2292 2758 2759 2760
2269 2279 2281 2282 2283
2269 2276 2277
2269 2282 2283
2270 2272 2291 2292
2273 2274 2285 2291 2293
2279 2280 2281 2297 2298
2279 2280 2297 2299
2282 2283 2284
2285 2286 2287
2288 2289 2290
2294 2295 2296
2300 2313 2314 3367 3386 3388
2300 2313 3336 3337 3338 3355 3357
2300 2319 2320 3336 3355 3356 3357
2300 2310 2312 2316 2318
2300 2301 2302 2307 2308 2309
2300 2316 2318 3679 3685 3686
2300 2325 2326
2300 2319 2321
2300 2319 2321
2300 2325 2326
2300
2300 2316 2318
2300 2301 2302
2300 2310 2311 2325 2327
2300 2310 2311 2316 2318 3367 3393 3394
2300 2307 2309
2300 2316 2317
2304 2305 2306
2304 2305 2319 2321
2304 2306 2322 2323
2307 2309 2319 2320
2307 2308 2322 2324
2307 2309 2310 2311
2313 2315 2316 2317
2313 2314 2316 2317
2313 2325 2327
2316 2317 2318
2322 2323 2324
2325 2326 2327
2328 2350 2351 3033 3034 3035
2328 2332 2334
2328 2344 2346 3094 3107 3109
2328 2344 2346
2328 2344 3336 3358 3360
2328 2332 2333 2335 2336 3033 3037 3039 3040
2328 2347 2349 3033 3051 3052
2328 2347 2348
2328 2347 2349 2512 2522 2523
2328 2344 2356 2358
2328 2353 2355
2328 2329 2330 2347 2349
2328 2338 2340
2328 2338 2339 2356 2358 3033 3051 3052
2328 2335 2337
2328 2329 2330 3033 3034 3035
2328 2338 2339
2328 2344 2345 2346
2329 2331 2350 2351
2329 2330 2344
2332 2334 2353 2354
2332 2333 2350 2352
2335 2337 2356 2357
2335 2336 2338 2340 2353 2354
2335 2336 2353 2355
2338 2339 2356 2358
2338 2340 2341 2342
2338 2339 2344 2346
2341 2342 2350 2351
2341 2343 2344 2345 2346
2341 2342 2343
2347 2348 2349
2356 2357 2358
2359 2372 2373
2359 2381 2382
2359 2381 2382
2359 2372 2374 2375
2359 2360 2361 3396 3397 3399
2359 2375 2377
2359 2381 2383 3396 3397 3399
2359 2366 2368
2359 2387 2388
2359 2369 2370 2387 2389
2359 2378 2379
2359 2366 2367
2359 2387 2389
2359 2363 2365
2359 2366 2368 2372
2359 2372 2374 2375 2377
2359 2360 2362
2359 2369 2370 2371
2359 2372 2374 2375 2377
2359 2384 2386 2387 2388
2360 2361 2378 2380
2360 2361 2362 2381 2382
2363 2364 2369
2363 2364 2365 2372
2369 2381 2383
2369 2370 2387 2389
2372 2375 2387 2388
2372 2373 2375
2372 2384 2385
2375 2387 2389
2378 2379 2380
2381 2382 2383
2384 2385 2386
2390 2406 2408
2390 2397 2398 2415 2416
2390 2391 2392
2390 2415 2416
2390 2409 2410 2411
2390 2400 2401
2390 2409 2411
2390 2391 2393 2412 2413
2390 2403 2405 2406 2407
2390 2397 2398 2415
2390 2415
2390 2391 2392 2406 2408
2390 2400 2401 2403 2404
2390 2400 2401
2390 2417 2419
2390 2403 2405
2394 2395 2396
2394 2396 2412 2413 2415 2416
2394 2395 2412 2414
2397 2398 2399
2397 2399 2417 2418
2400 2401 2406 2417 2418
2403 2404 2406 2408
2406 2417 2419
2406 2407 2408
2409 2410 2411
2420 2445 2446 2447
2420 2427 2429
2420 2430 2431 2432 2436 2438 2448 2450
2420 2424 2425
2420 2424 2426 2445 2446 2605 2621 2623
2420 2427 2429
2420 2442 2443 2789 2816 2818
2420 2430 2431
2420 2439 2440
2420 2424 2426 2439 2440 2605 2630 2632
2420 2424 2425 2426 2605 2612 2614
2420 2421 2423
2420 2421 2422 2427 2428 2442 2443 2445 2447
2421 2423 2442 2443
2424 2425 2442 2444
2430 2431 2432
2430 2431 2448 2450
2433 2434 2435
2433 2435 2436 2437
2436 2439 2441
2436 2445 2446
2451 2472 2474
2451 2457 2459
2451 2466 2467 2468
2451 2463 2464 2465 2466 2468
2451 2457 2458
2451 2466 2468
2451 2472 2474
2451 2460 2461 2478 2480
2451 2472 2473
2451 2452 2453
2451 2469 2470
2451 2457 2459
2451 2472 2474
2451 2469 2470 3679 3685 3686
2451 2478 2480
2451 2452 2472 2473
2451 2454 2456
2454 2455 2457 2458 2475 2477
2454 2456 2475 2476
2457 2459 2460 2462
2457 2458 2460 2462 2478 2479
2460 2461 2462 2466
2460 2461 2478 2480
2466 2478 2479
2475 2476 2477
2481 2485 2486
2481 2482 2484 2485 2487 2497 2499 2506 2507 3698 3699 3700 3701
2481 2500 2502 2758 2759 2761 2762 2764 2780 2781
2481 2488 2489 2506 2507
2481 2500 2502 2758 2780 2781
2481 2509 2511
2481 2500 2501 2758 2762 2763
2481 2494 2496 2497 2498 2509 2510
2481 2506 2508 3698 3699 3701
2481 2485 2486 2497 2499
2481 2497 2499
2481 2500 2501 3063 3073 3074
2481 2497 2499
2481 2482 2483 2484 3698 3699 3700
2481 2506 2508
2481 2488 2489
2481 2482 2483 2500 2501 2758 2783 2785
2481 2482 2483
2481 2488 2490 2506 2508 3698 3699 3700 3701
2481 2500 2501
2482 2483 2500 2502
2485 2486 2488 2489 2490
2485 2487 2497
2488 2490 2491 2492 2503 2505
2488 2489 2506 2508
2491 2493 2494 2495
2491 2492 2494 2496 2497 2498
2494 2495 2496
2497 2498 2499
2497 2509 2510 2511
2503 2504 2506 2507 2508
2503 2504 2505
2512 2531 2532
2512 2528 2530
2512 2525 2526 2543 2556 2558
2512 2531 2532 2533
2512 2513 2515
2512 2516 2518 2537 2538
2512 2528 2529 2530
2512 2519 2521 2528 2530
2512 2540 2542 2667 2668 2669 2686 2688
2513 2515 2534 2535
2516 2517 2522 2524
2516 2518 2537 2538 2539
2516 2517 2534 2536
2519 2520 2521
2522 2523 2540 2542
2522 2524 2528 2530
2525 2527 2528 2529
2525 2526 2527 2528 2529
2543 2568 2570
2543 2553 2555
2543 2547 2549
2543 2565 2566
2543 2568 2570
2543 2562 2563
2543 2556 2558 2559 2560
2543 2547 2548
2543 2547 2548 2565 2567
2543 2559 2560
2543 2553 2555
2543 2553 2554
2543 2571 2572
2543 2556 2557 2558
2543 2544 2546
2543 2568 2570
2543 2550 2551
2543 2565 2567
2544 2546 2565 2566
2544 2545 2562 2563 2564
2547 2548 2549 2568 2569
2565 2566 2567
2568 2569 2570
2574 2584 2585
2574 2593 2594 3245 3249 3250 3269 3270
2574 2578 2580
2574 2593 2595 3245 3249 3251
2574 2581 2582 2599 2600
2574 2602 2604
2574 2599 2601
2574 2602 2603
2574 2581 2583
2574 2587 2589 2590 2592
2574 2599 2600
2574 2590 2593 2595 3396 3417 3419
2574 2581 2582
2574 2593 2594
2574 2587 2589 2590 2591 2592
2574 2602 2603
2574 2578 2579 2593 2595
2574 2581 2583
2574 2590 2591 2592
2574 2602 2603
2574 2578 2580 2581 2582
2575 2577 2596 2597
2575 2576 2577 2596 2597
2578 2579 2596 2598
2581 2582 2599 2601
2584 2586 2587 2588
2584 2585 2590 2592
2587 2588 2589 2602 2604
2590 2596 2597
2593 2594 2595
2596 2597 2598
2605 2609 2610
2605 2618 2620
2605 2618 2620
2605 2618 2619
2605 2630 2631 2632
2605 2627 2628
2605 2624 2625 2789 2799 2801 2802 2803 2805 2807
2605 2624 2625
2605 2621 2623
2605 2621 2622 2623
2605 2630 2631
2605 2606 2607
2605 2615 2617
2606 2607 2608 2621
2609 2611 2630 2631
2609 2610 2611
2612 2613 2630 2632
2612 2613 2614
2615 2617 2618 2619
2618 2619 2621 2623
2618 2620 2621 2622 2623
2621 2624 2626
2627 2628 2629
2636 2652 2654
2636 2646 2647 2649 2650 2661 2662
2636 2655 2657
2636 2640 2641 2652 2653
2636 2655 2656
2636 2643 2644
2636 2646 2648 2652 2653 2654
2636 2658 2660
2636 2640 2641 2658 2660
2636 2637 2638 2639 2655 2657
2636 2646 2648
2636 2640 2641
2637 2638 2655 2657
2643 2645 2664 2665 2666
2646 2648 2649 2650 2651 2652 2654
2646 2647 2664 2666
2649 2651 2652 2654
2649 2650 2651
2661 2662 2663 2664 2665
2667 2689 2690
2667 2680 2682 2695 2697
2667 2683 2685
2667 2668 2669
2667 2668 2670
2667 2683 2685
2667 2695 2697
2667 2680 2682
2667 2668 2670
2667 2671 2673 2692 2693
2667 2686 2688
2667 2671 2673
2667 2689 2690
2667 2692 2693 2695 2696
2667 2692 2694
2667 2689 2690
2667 2671 2672 2683 2685
2667 2668 2669 2670
2667 2674 2676
2667 2674 2675
2674 2675 2692 2694
2674 2675 2676
2674 2676 2677 2679
2677 2678 2679
2677 2679 2680 2681 2683 2685
2680 2682 2683 2684
2683 2684
2685
2698 2713 2715
2698 2716 2717
2698 2707 2708 2709
2698 2701 2702
2698 2713 2715
2698 2716
2698 2713 2715
2698 2724 2726
2698 2710 2712 2713 2714 2715
2698 2699
2698 2713 2714
2698 2699
2699 2700 2713
2701 2702 2703
2701 2703 2721 2722
2704 2705 2706
2704 2706 2724 2725
2707 2709 2710 2711
2707 2708 2724 2725 2726
2710 2711 2712
2713 2714
2713 2716 2717
2715
2727 2740 2741 2743 2745
2727 2746 2747 3511 3512 3513
2727 2740 2741
2727 2755 2757
2727 2740 2742
2727 2755 2757
2727 2731 2733
2727 2731 2733 2752 2753
2727 2737 2739 2755 2757
2727 2743 2745
2727 2746 2748
2727 2743 2744
2727 2737 2738
2727 2749 2751
2727 2749 2751
2727 2731 2732 2749 2751
2727 2731 2732
2727 2734 2735 2736
2728 2729 2746 2748
2728 2729 2730 2749 2750
2734 2736 2755 2756
2737 2738 2739 2740 2741 2743
2737 2739 2740 2741
2743 2744 2745
2743 2755 2756
2752 2754 2755 2756
2758 2768 2770 2771 2772 2773
2758 2759 2760
2758 2765 2766 2786 2788 3063 3091 3093
2758 2777 2778
2758 2765 2766 3063 3091 3092
2758 2777 2779 2783 2784 2785
2758 2771 2773 2774 2775
2758 2774 2776
2758 2768 2769
2758 2777 2778 2779
2758 2777 2778
2758 2771 2773
2758 2768 2770
2758 2774 2776 3063 3085 3087
2759 2760 2774 2775
2759 2761 2783 2785
2762 2764 2783 2784
2762 2763 2764 2783 2784
2765 2767 2783 2785
2765 2766 2767 2786 2787
2771 2773 2780 2782
2774 2777 2779
2774 2775
2780 2782 2786 2787 2788
2789 2793 2795 2811 2813
2789 2793 2795 2808 2810 3622 3635 3636
2789 2808 2809
2789 2814
2789 2811 2813 3183 3187 3188
2789 2811 2812
2789 2805 2807
2789 2802 2804 2805 2807
2789 2793 2794
2789 2814 2815
2789 2796 2798
2789 2799 2800
2789 2799 2801
2789 2808 2810 3622 3635 3636
2789 2796 2797
2789 2816 2817
2789 2790 2791 3622 3649 3651
2790 2792 2811 2812
2790 2791 2808 2810
2790 2791 2792
2793 2794 2795 2805
2805 2808 2810
2805 2808 2809 2810
2805 2814 2815
2811 2812 2813
2819 2835
2819 2839 2841
2819 2845 2847
2819 2826 2828 2845 2846
2819 2829 2831
2819 2835
2819 2832 2833
2819 2835
2819 2832 2834
2819 2845 2846
2819 2829 2831 2832 2833 2839 2841
2819 2832 2834 2835
2819 2835 2839 2840 3454 3455 3456
2819 2832 2833 2834
2819 2835 2848 2870 2872
2819 2820 2822
2819 2842 2844
2819 2835
2819 2835
2819 2823 2825 2842 2844 3275 3282 3284
2819 2839 2840 3454 3455 3457
2819 2823 2824
2819 2835
2819 2835
2819 2826 2827
2820 2821 2822
2823 2825 2842 2843
2823 2824 2825 2836 2838
2826 2827 2836 2838 2842 2843
2826 2827 2828
2829 2830 2842 2844 2845 2847
2829 2830 2831
2836 2837 2838
2839 2840 2841
2845 2846 2847
2848 2873 2874
2848 2855 2856 2858 2859
2848 2876 2878
2848 2864 2866
2848 2858 2860
2848 2858 2859 2876 2878
2848 2873 2875
2848 2867 2869 2879 2886 2887
2848 2873 2874
2848 2876 2877
2848 2864 2866
2848 2852 2854 2870 2872
2848 2858 2860
2848 2852 2854
2848 2852 2853
2848 2861 2863
2848 2855 2856
2848 2870 2871
2848 2864 2866
2848 2867 2868
2848 2858 2860
2848 2861 2862
2848 2849 2850 2851 2879 2889 2891
2848 2855 2856 2873 2874 2875
2849 2850 2867 2869
2852 2853 2854
2855 2857 2876 2877
2861 2863 2864 2865 2866
2861 2862 2863
2864 2865 2866
2867 2868 2869
2876 2877 2878
2879 2895 2897
2879 2898 2900
2879 2889 2891
2879 2880 2882
2879 2880 2881
2879 2895 2896 2897
2879 2895 2897
2879 2892 2893
2879 2880 2881 2898 2900
2879 2883 2885
2879 2901 2903
2879 2904 2906
2879 2892 2893
2879 2895 2897
2879 2898 2899
2879 2892 2894
2879 2901 2902
2879 2886 2887
2879 2883 2885 2904 2905
2879 2889 2890
2879 2892 2894 2895 2896
2879 2889 2890
2879 2889 2891
2879 2889 2890 2907 2909
2880 2882 2901 2902
2883 2884 2904 2905
2886 2888 2907 2908
2892 2893 2895 2896
2910 2914 2915 2929 2930 2931 3518 3522 3524
2910 2917 2918 2920 2921
2910 2911 2913
2910 2923 2925
2910 2923 2924
2910 2914 2916 3518 3539 3540
2910 2914 2916
2910 2914 2916 2935 2936
2910 2917 2918 3518 3525 3526
2910 2920 2922
2910 2932 2933
2910 2914 2915 2932 2933 2935 2936 2937
2910 2911 2913 2932 2933 2934
2910 2914 2915
2911 2912 2920 2921
2914 2915 2932 2934
2917 2919 2938 2939
2917 2918 2935 2937
2920 2921 2935 2936 2937 2938 2940
2920 2922 2923 2924 2925
2926 2927 2928
2929 2931 2932 2934
2938 2939 2940
2941 2948 2949 2966 2967 2972 2997 2998 2999
2941 2954 2955 2956
2941 2948 2949 2972 2994 2995
2941 2954 2955 2956
2941 2945 2947 2966 2967
2941 2957 2972 2973 2974 2991 2993
2941 2951 2952 2969 2971 3426 3451 3452
2941 2969 2970 2971 2972 2988 2990
2941 2951 2952 3426 3451 3453
2941 2957 2958 2959
2941 2954 2956 2957 2972 2973 2974 2991 2993
2941 2945 2946 2963 2965 3426 3439 3440 3441 3442 3444
2941 2963 2964 2965
2941 2954 3426 3451 3453
2941 2957 2959
2941 2957 2958
2941 2957 2959 2972 2976 2978 2988 2989 2990
2941 2945 2947 2972 2976 2978
2941 2951 2952 2953
2941 2951 2953 2954 2955 2957 2972 2973 2974
2941 2942 2943 2960 2962 2972 2973 2974 3426 3436 3438
2941 2957 2959 2972 2973 2974 2979 2980
2942 2944 2963 2964
2945 2946 2951 2953 2954 2956
2945 2946 2966 2968
2948 2950 2969 2970
2948 2949 2966 2968
2948 2949 2950
2951 2952 2954
2957 2958
2960 2961 2962
2972 2988 2990
2972 2976 2978
2972 2988 2989
2972 2991 2992
2972 2997 2999
2972 2973 2975
2972 2985 2987 2988 2989
2972 2976 2977
2972 2994 2995
2972 2991 2992
2972 2982 2983 2988 2989 2990
2973 2975 2979 2980 2985 2987 2991 2992
2976 2978 2979 2980
2976 2977 2982 2984 2985 2986
2979 2981 2997 2999 3000 3001
2979 2980 2997 2999
2979 2980 2985 2986 3000 3001
2982 2984 2985 2986 2987
2982 2983 2984
2982 2983 3000 3002
2988 2994 2995 2996
2988 2997 2998
2997 2998 2999
3003 3012 3013
3003 3024 3026
3003 3024 3025
3003 3027 3028
3003 3006 3007
3003 3021 3022 3245 3260 3262
3003 3021 3023
3003 3024 3026
3003 3004
3003 3024 3025 3026
3003 3021 3022
3003 3004
3003 3012 3014
3003 3027 3028 3029
3003 3006 3008
3003 3021 3022 3023 3245 3260 3262
3003 3004 3005
3003 3015 3016
3003 3030 3031
3003 3024 3025
3003 3006 3007
3003 3030 3031
3006 3007 3009 3011 3030 3031
3006 3008 3027 3029
3009 3010 3027 3029
3009 3010 3011
3012 3014 3015 3016
3015 3016 3017 3018 3020
3015 3017 3018 3020 3030 3032
3018 3019 3020
3033 3037
3033 3057 3058
3033 3054 3055
3033 3034 3036
3033 3037 3038
3033 3060 3062
3033 3051 3053
3033 3060 3061
3033 3045 3047
3033 3034 3036 3054 3055
3033 3054 3056
3034 3035 3051 3053
3039 3040 3045 3046
3039 3041 3042 3044 3045 3046
3042 3043 3057 3059 3060 3062
3045 3046 3057 3059
3045 3047 3048 3049
3054 3055 3056
3063 3064 3065 3066
3063 3076 3078
3063 3067 3069 3088 3089
3063 3070 3072 3088 3089
3063 3085 3086
3063 3082 3083
3063 3085 3087
3063 3073 3074
3063 3073 3075 3079 3081 3091 3093
3063 3085 3086
3063 3076 3078 3079 3080
3063 3070 3071 3072
3063 3067 3068
3063 3082 3084
3063 3091 3093
3063 3091 3093
3063 3067 3068
3063 3079 3081
3064 3065 3082 3084
3070 3071 3088 3090
3073 3074 3075 3091 3093
3076 3077 3079 3080
3079 3080 3081
3094 3098 3100
3094 3119 3121
3094 3116 3117
3094 3113 3114
3094 3122 3124
3094 3107 3109
3094 3107 3109 3110 3111
3094 3095 3097 3116 3117
3094 3113 3114
3094 3107 3108
3094 3110 3112
3094 3101 3102
3094 3095 3097
3094 3098 3100 3119 3120
3094 3104 3105
3094 3119 3120
3094 3119 3121
3094 3113 3114 3115
3094 3107 3108
3094 3122 3123
3094 3104 3105
3094 3098 3099 3119 3120
3094 3101 3103
3094 3110 3112
3094 3116 3117 3118
3094 3104 3105 3122 3123 3124
3094 3101 3103 3122 3123
3094 3104 3106
3094 3095 3096
3095 3096 3098 3099
3098 3099 3116 3118
3098 3099 3113 3115
3101 3102 3103 3119 3121
3104 3106 3107 3108
3107 3108 3110 3112
3110 3111 3112
3125 3141
3125 3132 3134
3125 3141 3142
3125 3129 3131
3125 3143
3125 3132 3133 3134
3125 3143 3144
3125 3141
3125 3143
3125 3141 3142
3125 3141
3125 3145 3146
3125 3129 3130 3145 3147
3125 3151 3152
3125 3141 3142
3125 3148 3150
3125 3132 3133
3125 3143 3144
3126 3127 3143 3144
3126 3128 3129 3131 3148 3150
3132 3133 3141
3135 3136 3138 3139 3140
3141 3148 3150
3145 3146 3147
3148 3149 3150
3154 3164 3165
3154 3161 3162
3154 3180 3182
3154 3155 3156
3154 3171 3172
3154 3164 3166
3154 3169 3170
3154 3169
3154 3155 3157
3154 3180 3181
3154 3167 3168
3154 3164 3165 3180 3182
3154 3167 3168
3154 3174 3176
3154 3155 3157
3154 3171 3173
3154 3174 3175
3154 3155 3156
3154 3177 3179
3154 3174 3175
3154 3169 3170
3154 3158 3160
3154 3158 3159
3154 3177 3179
3154 3158 3160
3154 3161 3162
3154 3164 3166
3154 3164 3165
3155 3156 3157
3158 3159 3174 3176
3161 3162 3163
3161 3162 3177 3178
3183 3187 3189
3183 3184 3185
3183 3184 3185
3183 3190 3191
3183 3199 3200
3183 3184 3186
3183 3193 3195 3196 3197
3183 3199 3211 3213
3183 3205 3207
3183 3196 3198
3183 3205 3206
3183 3187 3189
3183 3199 3201
3183 3199 3200 3201
3183 3205 3207
3183 3208 3209 3210
3183 3184 3186
3187 3189 3208 3209
3190 3192 3199
3193 3194 3196 3197 3198
3193 3194 3195
3193 3194 3199
3196 3198 3199 3201
3199 3201 3211 3212 3213
3202 3203 3204
3214 3242 3243 3244
3214 3242 3243
3214 3230 3232
3214 3239 3241
3214 3215 3216 3236 3237 3545 3561 3563
3214 3221 3223
3214 3239 3240
3214 3236 3238
3214 3221 3222 3239 3241
3214 3230 3232
3214 3239 3241
3214 3227 3228
3214 3221 3223
3214 3230 3232
3214 3224 3226 3227 3228
3214 3221 3222
3214 3221 3223
3214 3227 3229
3214 3218 3220
3214 3236 3238
3214 3218 3220
3214 3224 3225 3226
3214 3221 3223
3214 3236 3238
3214 3227 3229
3214 3230 3231
3214 3230 3231
3214 3221 3222 3239 3240
3215 3217 3236 3237
3215 3216 3233 3234 3235
3236 3237 3238
3245 3263 3264
3245 3269 3271
3245 3246 3248
3245 3269 3270
3245 3246 3248
3245 3266 3267
3245 3260 3262
3245 3266 3268
3245 3258 3259
3245 3258
3245 3246 3247 3263 3265
3245 3260 3261
3245 3266 3268
3245 3255 3257
3245 3255 3256 3272 3274
3245 3252 3253
3245 3266 3268
3245 3255 3257 3258
3245 3272 3274
3249 3251 3269 3270
3252 3253 3254
3252 3254 3272 3273
3258 3259 3260 3261
3260 3261 3262
3275 3300 3302
3275 3276 3277 3279 3280 3294 3295
3275 3303 3304
3275 3303 3304
3275 3291 3293
3275 3288 3289
3275 3300 3302
3275 3294 3295
3275 3282 3283
3275 3285 3287
3275 3279 3281
3275 3279 3281
3275 3285 3287
3275 3300 3301
3275 3279 3280
3275 3288 3290
3275 3303 3305
3275 3276 3277
3275 3288 3290
3275 3279 3280 3297 3299
3275 3291 3292
3275 3282 3284
3275 3276 3278 3294 3296
3275 3291 3293
3276 3278 3297 3298
3279 3280 3291
3282 3283 3284
3285 3286 3303 3305
3288 3290 3291 3292
3291 3297 3298 3299
3300 3301 3302
3306 3330 3331
3306 3330 3332
3306 3333 3334
3306 3330 3332
3306 3310 3311
3306 3312 3313
3306 3327 3328
3306 3327 3329
3306 3321 3322
3306 3321 3323
3306 3321 3322
3306 3324 3326
3306 3321 3323
3306 3312 3314
3306 3310
3306 3324 3326
3306 3315 3316
3306 3321 3323
3306 3318 3320
3306 3330 3332
3306 3312 3313
3306 3318 3320
3306 3315 3317
3306 3315 3316 3317
3306 3315 3317
3306 3324 3325
3306 3307 3309
3306 3310
3306 3330 3332
3306 3318 3319
3307 3309 3321
3307 3308 3321
3312 3314 3315 3316 3333 3334 3335
3321 3322 3323
3336 3352 3353
3336 3346 3348
3336 3343 3345
3336 3337 3338
3336 3364 3365
3336 3352 3353
3336 3358 3359
3336 3361 3362
3336 3346 3347 3348
3336 3349 3351
3336 3364 3366
3336 3349 3350
3336 3349 3351 3352 3353 3354
3336 3340 3341 3342
3336 3340 3341
3336 3346 3348
3336 3343 3344
3336 3364 3366
3336 3340 3342
3336 3355 3356
3346 3347 3348
3349 3350 3351
3364 3365 3366
3367 3380 3382
3367 3393 3395
3367 3392
3367 3377 3379
3367 3374 3376
3367 3368 3369
3367 3392
3367 3368 3370
3367 3374 3375
3367 3393 3394
3367 3368 3370
3367 3371 3373
3367 3393 3394
3367 3393 3395
3367 3383 3385
3367 3389 3391
3367 3383 3384
3367 3389 3390
3367 3389 3390
3367 3383 3385
3367 3380 3381
3367 3377 3379
3367 3383 3385
3367 3392
3367 3377 3378
3367 3377 3378
3367 3380 3381
3374 3376 3383
3380 3382 3383 3384
3396 3415 3416 3712 3713 3714
3396 3412 3413
3396 3415
3396 3397 3398 3399
3396 3420 3421
3396 3403 3405 3412 3414
3396 3406 3408
3396 3417 3418
3396 3403 3404
3396 3406 3408
3396 3415 3416
3396 3400 3402
3396 3415 3416
3396 3397 3398
3396 3417 3418
3396 3420 3421
3403 3404 3405 3420 3421
3403 3404 3420 3422
3406 3407 3423 3424 3425
3406 3407 3408 3409 3410
3409 3411 3412 3414
3412 3413 3414
3426 3433 3434
3426 3448 3449
3426 3427 3428
3426 3433 3434
3426
3426 3448 3450
3426 3448 3450
3426 3445 3446
3426 3436 3437
3426 3427 3429
3426 3436 3437
3426 3433 3435
3426 3445 3446
3426 3518 3542 3543
3426
3426 3427 3429
3426 3427 3428
3426 3448 3449
3426 3436 3438
3426 3448 3450
3426 3436 3438
3426 3430 3432
3426 3430 3432
3426 3433 3434
3426
3436 3438 3439 3440
3439 3441 3442 3443
3442 3443 3444
3454 3473
3454 3461 3463
3454 3473
3454 3473
3454 3461 3462
3454 3475 3476 3477
3454 3478 3480
3454
3454 3473 3474
3454 3464 3466 3467 3468
3454
3454 3461 3462
3454 3458 3460
3454 3470 3472
3454 3470 3471
3454
3454 3455 3457 3473 3474
3454 3478 3480
3454 3458 3460
3454 3461 3462 3475 3477
3454
3454
3454
3455 3456 3473 3474
3458 3460 3475 3476
3464 3465 3466
3470 3471 3472
3481 3494 3495
3481 3491 3493
3481 3503 3504
3481 3505 3507
3481 3491 3493
3481 3491 3492
3481 3491 3493
3481 3497 3498 3499
3481 3482 3483
3481 3497 3498 3499
3481 3503
3481 3494 3496
3481 3508 3510
3481 3494 3496
3481 3494 3495
3481 3488 3490
3481 3500 3502
3481 3505 3506
3481 3488 3489 3490
3481 3485 3486
3481 3494 3496
3481 3503
3481 3485 3487
3481 3491 3492
3481 3505 3506
3482 3483 3484
3485 3487 3505 3506 3507
3508 3509 3510
3511 3515 3516 3517
3511 3515 3517
3511 3512 3514
3511 3512 3513 3515 3516 3517
3511 3512 3513
3518 3525 3527
3518 3525 3527
3518 3542 3543
3518 3534 3536
3518 3531 3533 3534 3535
3518 3528 3530
3518 3542 3544
3518 3542 3544
3518 3534 3535
3518 3519 3521
3518 3534 3536
3518 3522 3523 3537
3518 3542 3544
3518 3522 3523 3524
3518 3525 3526
3518 3702
3518 3531 3532
3518 3528 3529
3518 3534 3536
3518 3539 3540
3518 3531 3532
3518 3537
3518 3528 3529
3518 3539 3541
3519 3520 3521 3537 3538
3519 3520
3525 3527 3542 3543
3545 3552 3553 3554
3545 3573 3574
3545 3549 3550
3545 3561 3562
3545 3573 3575
3545 3555 3556
3545 3564 3566
3545 3552 3553
3545 3549 3551
3545 3555 3557
3545 3546 3547 3564 3565
3545 3546 3548
3545 3555 3556
3545 3573 3574
3545 3567 3568 3569
3545 3546 3547
3545 3567 3569
3546 3547 3564 3566
3549 3551 3570 3571
3570 3571 3572
3576 3582 3583
3576 3588 3590
3576 3588 3589
3576 3577 3578
3576 3579 3580
3576 3588 3590
3576 3579 3580
3576 3579 3580
3576 3588 3589
3579 3581 3585 3587
3582 3583 3585 3587
3582 3584 3585 3586
3585 3586 3587
3591 3592 3593
3591 3604 3605
3591 3598 3599
3591 3607 3609
3591 3613 3615
3591 3595 3597
3591 3613 3614
3591 3619 3620
3591 3601 3603
3591 3610 3612
3591 3601 3603 3619 3621
3591 3592 3594
3591 3610 3612
3598 3599 3616 3618
3604 3605 3606
3607 3608 3609
3622 3638 3640
3622 3623 3625
3622 3643 3645
3622 3638 3639
3622 3632 3633
3622 3623 3624
3622 3649 3650 3651
3622 3635 3637 3638 3640
3622 3623 3624
3622 3632 3633 3634
3622 3629 3631
3622 3646 3647
3622 3623 3624
3622 3638 3639
3622 3626 3627
3632 3634 3649 3651
3638 3639 3640
3643 3644 3645
3652 3653 3654
3652 3653 3655
3652 3658 3660
3652 3653 3655
3652 3656
3652 3658 3659
3652 3653 3654
3652 3656 3657
3652 3658 3659
3652 3656
3661 3664 3666
3661 3664 3665
3661 3662 3663
3661 3662 3663
3661 3664 3666
3664 3665 3666
3670 3673 3675
3670 3671 3672
3670 3676 3677
3670 3671 3672
3670 3673 3674
3670 3673 3674
3673 3675 3676 3677 3678
3676 3677 3678
3679 3685 3686
3679 3680 3681
3679 3685 3687
3679 3682 3684
3679 3682 3683
3680 3681 3682 3683
3688 3689 3690
3689 3690
3691
3692 3693 3694
3692 3695 3697
3702 3703 3704
3702
3702 3705 3707
3702 3705 3706
3702 3705 3707
3702 3705 3706
3702
3712 3713 3714
3715 3716 3717
3715 3716 3717
1
10659
1
1
1
1
1
1
1
1
1
1
1
1
1
1
1
1
1
1
1
1
1
1
1
1
1
1
1
1
1
1
1
1
2
1
1
2
1
1
2
1
1
2
1
1
2
1
1
2
1
1
4
1
1
4
1
1
3
1
1
2
1
1
1
1
1
1
1
1
1
1
1
1
1
1
1
1
1
1
1
1
1
1
1
1
1
1
1
1
1
1
1
1
1
1
1
1
1
1
1
1
1
1
1
1
1
1
1
1
1
1
1
1
1
1
1
1
1
1
1
1
1
1
1
1
37
3
1
1
4
1
1
4
1
1
4
1
1
4
1
1
4
1
1
2
1
1
4
1
1
4
1
1
4
1
1
1
1
1
1
1
1
1
1
1
1
1
1
1
1
1
1
1
1
1
1
1
1
1
1
1
1
1
1
1
1
1
1
1
1
1
1
1
1
1
1
1
1
1
1
1
1
1
1
1
1
1
1
1
1
1
1
1
1
1
1
1
1
1
1
1
1
1
1
1
1
1
1
1
1
1
1
1
1
1
1
1
1
1
1
1
1
1
1
1
1
1
1
1
1
1
1
1
1
1
1
1
1
1
1
1
1
1
1
1
1
1
1
1
1
1
1
1
1
1
1
1
1
1
1
30
2
1
1
2
1
1
4
1
1
4
1
1
4
1
1
4
1
1
2
1
1
2
1
1
2
1
1
4
1
1
22
2
1
1
2
1
1
2
1
1
2
1
1
2
1
1
4
1
1
2
1
1
2
1
1
2
1
1
2
1
1
22
2
1
1
2
1
1
2
1
1
2
1
1
2
1
1
4
1
1
2
1
1
2
1
1
2
1
1
2
1
1
30
2
1
1
2
1
1
4
1
1
4
1
1
4
1
1
4
1
1
2
1
1
2
1
1
2
1
1
4
1
1
32
2
1
1
2
1
1
4
1
1
4
1
1
4
1
1
4
1
1
2
1
1
2
1
1
4
1
1
4
1
1
28
2
1
1
2
1
1
2
1
1
4
1
1
4
1
1
4
1
1
2
1
1
2
1
1
2
1
1
4
1
1
24
2
1
1
2
1
1
2
1
1
2
1
1
4
1
1
4
1
1
2
1
1
2
1
1
2
1
1
2
1
1
26
2
1
1
2
1
1
2
1
1
4
1
1
4
1
1
4
1
1
2
1
1
2
1
1
2
1
1
2
1
1
25
2
1
1
2
1
1
2
1
1
3
1
1
4
1
1
4
1
1
2
1
1
2
1
1
2
1
1
2
1
1
22
2
1
1
2
1
1
2
1
1
2
1
1
2
1
1
4
1
1
2
1
1
2
1
1
2
1
1
2
1
1
31
2
1
1
2
1
1
4
1
1
4
1
1
4
1
1
4
1
1
2
1
1
2
1
1
3
1
1
4
1
1
35
2
1
1
4
1
1
4
1
1
4
1
1
4
1
1
4
1
1
2
1
1
3
1
1
4
1
1
4
1
1
30
2
1
1
2
1
1
4
1
1
4
1
1
4
1
1
4
1
1
2
1
1
2
1
1
2
1
1
4
1
1
24
2
1
1
2
1
1
2
1
1
2
1
1
4
1
1
4
1
1
2
1
1
2
1
1
2
1
1
2
1
1
23
2
1
1
2
1
1
2
1
1
2
1
1
3
1
1
4
1
1
2
1
1
2
1
1
2
1
1
2
1
1
26
2
1
1
2
1
1
2
1
1
4
1
1
4
1
1
4
1
1
2
1
1
2
1
1
2
1
1
2
1
1
23
2
1
1
2
1
1
2
1
1
2
1
1
3
1
1
4
1
1
2
1
1
2
1
1
2
1
1
2
1
1
29
2
1
1
2
1
1
3
1
1
4
1
1
4
1
1
4
1
1
2
1
1
2
1
1
2
1
1
4
1
1
24
2
1
1
2
1
1
2
1
1
2
1
1
4
1
1
4
1
1
2
1
1
2
1
1
2
1
1
2
1
1
25
2
1
1
2
1
1
2
1
1
4
1
1
4
1
1
3
1
1
2
1
1
2
1
1
2
1
1
2
1
1
32
2
1
1
2
1
1
4
1
1
4
1
1
4
1
1
4
1
1
2
1
1
2
1
1
4
1
1
4
1
1
24
2
1
1
2
1
1
2
1
1
2
1
1
4
1
1
4
1
1
2
1
1
2
1
1
2
1
1
2
1
1
34
2
1
1
4
1
1
4
1
1
4
1
1
4
1
1
4
1
1
2
1
1
2
1
1
4
1
1
4
1
1
34
2
1
1
4
1
1
4
1
1
4
1
1
4
1
1
4
1
1
2
1
1
2
1
1
4
1
1
4
1
1
27
2
1
1
2
1
1
2
1
1
4
1
1
4
1
1
4
1
1
2
1
1
2
1
1
2
1
1
3
1
1
29
2
1
1
2
1
1
3
1
1
4
1
1
4
1
1
4
1
1
2
1
1
2
1
1
2
1
1
4
1
1
28
2
1
1
2
1
1
2
1
1
4
1
1
4
1
1
4
1
1
2
1
1
2
1
1
2
1
1
4
1
1
23
2
1
1
2
1
1
2
1
1
2
1
1
3
1
1
4
1
1
2
1
1
2
1
1
2
1
1
2
1
1
29
2
1
1
2
1
1
3
1
1
4
1
1
4
1
1
4
1
1
2
1
1
2
1
1
2
1
1
4
1
1
29
1
1
1
2
1
1
3
1
1
4
1
1
4
1
1
4
1
1
2
1
1
2
1
1
2
1
1
4
1
1
28
2
1
1
2
1
1
2
1
1
4
1
1
4
1
1
4
1
1
2
1
1
2
1
1
2
1
1
4
1
1
35
3
1
1
4
1
1
4
1
1
4
1
1
4
1
1
4
1
1
2
1
1
4
1
1
2
1
1
1
1
1
1
1
1
1
1
1
1
1
1
1
1
1
1
1
1
1
1
1
1
1
1
1
1
1
1
1
1
1
1
1
1
24
2
1
1
2
1
1
2
1
1
2
1
1
4
1
1
4
1
1
2
1
1
2
1
1
2
1
1
2
1
1
35
2
1
1
4
1
1
4
1
1
4
1
1
4
1
1
4
1
1
2
1
1
4
1
1
3
1
1
4
1
1
35
1
1
1
4
1
1
4
1
1
4
1
1
4
1
1
4
1
1
2
1
1
3
1
1
4
1
1
4
1
1
36
2
1
1
4
1
1
4
1
1
4
1
1
4
1
1
4
1
1
2
1
1
4
1
1
4
1
1
4
1
1
28
2
1
1
2
1
1
2
1
1
4
1
1
4
1
1
4
1
1
2
1
1
2
1
1
2
1
1
4
1
1
35
2
1
1
4
1
1
4
1
1
4
1
1
4
1
1
4
1
1
2
1
1
3
1
1
4
1
1
4
1
1
27
2
1
1
2
1
1
2
1
1
4
1
1
4
1
1
3
1
1
2
1
1
2
1
1
2
1
1
4
1
1
24
2
1
1
2
1
1
2
1
1
2
1
1
4
1
1
4
1
1
2
1
1
2
1
1
2
1
1
2
1
1
22
2
1
1
2
1
1
2
1
1
2
1
1
2
1
1
4
1
1
2
1
1
2
1
1
2
1
1
2
1
1
26
2
1
1
2
1
1
2
1
1
4
1
1
4
1
1
4
1
1
2
1
1
2
1
1
2
1
1
2
1
1
37
4
1
1
4
1
1
4
1
1
4
1
1
4
1
1
4
1
1
2
1
1
3
1
1
4
1
1
4
1
1
25
2
1
1
2
1
1
2
1
1
3
1
1
4
1
1
4
1
1
2
1
1
2
1
1
2
1
1
2
1
1
26
2
1
1
2
1
1
2
1
1
4
1
1
4
1
1
4
1
1
2
1
1
2
1
1
2
1
1
2
1
1
35
2
1
1
4
1
1
4
1
1
4
1
1
4
1
1
4
1
1
2
1
1
3
1
1
4
1
1
4
1
1
33
2
1
1
3
1
1
4
1
1
4
1
1
4
1
1
4
1
1
2
1
1
2
1
1
4
1
1
4
1
1
26
2
1
1
2
1
1
2
1
1
4
1
1
4
1
1
2
1
1
2
1
1
2
1
1
2
1
1
4
1
1
25
2
1
1
1
1
1
2
1
1
4
1
1
4
1
1
2
1
1
2
1
1
2
1
1
2
1
1
3
1
1
25
2
1
1
2
1
1
2
1
1
4
1
1
4
1
1
2
1
1
2
1
1
2
1
1
2
1
1
3
1
1
28
2
1
1
2
1
1
2
1
1
4
1
1
4
1
1
4
1
1
2
1
1
2
1
1
2
1
1
4
1
1
27
2
1
1
2
1
1
2
1
1
4
1
1
4
1
1
4
1
1
2
1
1
2
1
1
2
1
1
3
1
1
26
2
1
1
2
1
1
2
1
1
4
1
1
4
1
1
4
1
1
2
1
1
2
1
1
2
1
1
2
1
1
29
2
1
1
2
1
1
3
1
1
4
1
1
4
1
1
4
1
1
2
1
1
2
1
1
2
1
1
4
1
1
25
2
1
1
2
1
1
2
1
1
4
1
1
4
1
1
3
1
1
2
1
1
2
1
1
2
1
1
2
1
1
25
2
1
1
2
1
1
2
1
1
3
1
1
4
1
1
4
1
1
2
1
1
2
1
1
2
1
1
2
1
1
25
2
1
1
2
1
1
2
1
1
4
1
1
4
1
1
3
1
1
2
1
1
2
1
1
2
1
1
2
1
1
29
2
1
1
2
1
1
3
1
1
4
1
1
4
1
1
4
1
1
2
1
1
2
1
1
2
1
1
4
1
1
32
2
1
1
2
1
1
4
1
1
4
1
1
4
1
1
4
1
1
2
1
1
2
1
1
4
1
1
4
1
1
21
2
1
1
2
1
1
2
1
1
2
1
1
2
1
1
3
1
1
2
1
1
2
1
1
2
1
1
2
1
1
23
2
1
1
2
1
1
2
1
1
2
1
1
4
1
1
3
1
1
2
1
1
2
1
1
2
1
1
2
1
1
23
2
1
1
2
1
1
2
1
1
2
1
1
3
1
1
4
1
1
2
1
1
2
1
1
2
1
1
2
1
1
29
2
1
1
2
1
1
3
1
1
4
1
1
4
1
1
4
1
1
2
1
1
2
1
1
2
1
1
4
1
1
1
2
1
1
2
1
1
4
1
1
3
1
1
4
1
1
4
1
1
2
1
1
2
1
1
2
1
1
4
1
1
21
2
1
1
2
1
1
2
1
1
2
1
1
2
1
1
3
1
1
1
1
1
1
1
1
1
1
1
1
1
1
1
1
1
1
1
1
1
1
1
1
1
1
1
1
1
1
1
1
1
2
1
1
2
1
1
2
1
1
3
1
1
20
2
1
1
2
1
1
2
1
1
2
1
1
2
1
1
2
1
1
2
1
1
2
1
1
1
1
1
1
1
1
1
1
1
1
1
1
1
1
1
1
1
1
1
1
1
1
1
1
1
1
1
1
1
1
1
1
1
1
1
1
1
1
1
1
1
1
1
1
1
1
1
1
1
1
1
1
1
1
1
1
1
1
1
1
1
1
1
1
1
1
1
1
1
1
1
1
1
1
1
1
1
1
1
1
1
1
1
1
1
1
1
1
1
1
1
1
1
1
1
1
1
1
1
1
1
1
1
1
1
1
1
1
1
1
1
1
1
1
1
1
1
1
1
1
1
1
1
1
1
1
1
1
1
1
1
1
1
1
1
1
1
1
1
1
1
1
1
1
1
1
1
1
1
1
1
1
1
1
1
1
1
1
1
1
1
1
1
1
1
1
1
1
1
1
1
1
1
1
1
1
1
1
1
1
1
1
1
1
1
1
1
1
1
1
1
1
1
1
1
1
1
1
1
1
1
1
1
1
1
1
1
1
1
1
1
1
1
1
1
1
1
1
1
1
1
1
1
1
1
1
1
1
1
1
1
1
1
1
1
1
1
1
1
1
1
1
1
1
1
1
1
1
1
1
1
1
1
1
1
1
1
1
1
1
1
1
1
1
1
1
1
1
1
1
1
1
1
1
1
1
1
1
1
1
1
1
1
1
1
1
1
1
1
1
1
1
1
1
1
1
1
1
1
1
1
1
1
1
1
1
1
1
1
1
1
1
1
1
1
1
1
1
1
1
1
1
1
1
1
1
1
1
1
1
1
1
1
1
1
2
1
1
2
1
1
2
1
1
4
1
1
25
2
1
1
2
1
1
2
1
1
3
1
1
4
1
1
4
1
1
1
1
1
1
1
1
1
1
1
1
1
1
1
1
1
1
1
1
1
1
1
1
1
1
1
1
1
1
1
1
1
1
1
1
1
1
1
1
1
1
1
1
1
1
1
1
1
1
1
1
1
1
1
1
1
1
1
1
1
1
1
1
1
1
1
1
1
1
1
1
1
1
1
1
1
1
1
1
1
1
1
1
1
1
1
1
1
1
1
1
1
1
1
1
1
1
1
1
1
1
1
1
1
1
1
1
1
1
1
1
1
1
1
1
1
1
1
1
1
1
1
1
1
1
1
1
1
1
1
1
1
1
1
1
1
1
1
1
1
1
1
1
1
1
1
1
1
1
1
1
1
1
1
1
1
1
1
1
1
1
1
1
1
1
1
1
1
1
1
1
1
1
1
1
1
1
1
1
1
1
1
1
1
1
1
1
1
1
1
1
1
1
1
1
1
1
1
1
1
1
1
1
1
1
1
1
1
1
1
1
1
1
1
1
1
1
1
1
1
1
1
1
1
1
1
1
1
1
1
1
1
1
1
1
1
1
1
1
1
1
1
1
1
1
1
1
1
1
1
1
1
1
1
1
1
1
1
1
1
1
1
1
1
1
1
1
1
1
1
1
1
1
1
1
1
1
1
1
1
1
1
1
1
1
1
1
1
1
1
1
1
1
1
1
1
1
1
1
1
1
1
1
1
1
1
1
1
1
1
1
1
1
1
1
1
1
1
1
1
1
1
1
1
1
1
1
1
1
1
1
1
1
1
1
1
1
1
1
1
1
1
1
1
1
1
1
1
1
1
1
1
1
1
1
1
1
1
1
1
1
1
1
1
1
1
1
1
1
1
1
1
1
1
1
1
1
1
1
1
1
1
1
1
1
1
1
1
1
1
1
1
1
1
1
1
1
1
1
1
1
1
1
1
1
1
1
1
1
1
1
1
1
1
1
1
1
1
1
1
1
1
1
1
1
1
1
1
1
1
1
1
1
1
1
1
1
1
1
1
1
1
1
1
1
1
1
1
1
1
1
1
1
1
1
1
1
1
1
1
1
1
1
1
1
1
1
1
1
1
1
1
1
1
1
1
1
1
1
1
1
1
1
1
1
1
1
1
1
1
1
1
1
1
1
1
1
1
1
1
1
1
1
1
1
1
1
1
1
1
1
1
1
1
1
1
1
1
1
1
1
1
1
1
1
1
1
1
1
1
1
1
1
1
1
1
1
1
1
1
1
1
1
1
1
1
1
1
1
1
1
1
1
1
1
1
1
1
1
1
1
1
1
1
1
1
1
1
1
1
1
1
1
1
1
1
1
1
1
1
1
1
1
1
1
1
1
1
1
1
1
1
1
1
1
1
1
1
1
1
1
1
1
1
1
1
1
1
1
1
1
1
1
1
1
1
1
1
1
1
1
1
1
1
1
1
1
1
1
1
1
1
1
1
1
1
1
1
1
1
1
1
1
1
1
1
1
1
1
1
1
1
1
1
1
1
1
1
1
1
1
1
1
1
1
1
1
1
1
1
1
1
1
1
1
1
1
1
1
1
1
1
1
1
1
1
1
1
1
1
1
1
1
1
1
28
2
1
1
2
1
1
2
1
1
4
1
1
4
1
1
4
1
1
2
1
1
2
1
1
2
1
1
4
1
1
25
2
1
1
2
1
1
2
1
1
3
1
1
4
1
1
4
1
1
2
1
1
2
1
1
2
1
1
2
1
1
1
1
1
1
1
1
1
1
1
1
1
1
1
1
1
1
1
1
1
1
1
1
1
1
1
1
1
1
1
1
1
1
1
1
1
1
1
1
1
1
1
1
1
1
1
1
1
1
1
1
1
1
1
1
1
1
1
1
1
1
1
1
1
1
1
1
1
1
1
1
1
1
1
1
1
1
1
1
1
1
1
1
1
1
1
1
1
1
1
1
1
1
1
26
2
1
1
2
1
1
2
1
1
4
1
1
4
1
1
4
1
1
2
1
1
2
1
1
2
1
1
2
1
1
28
2
1
1
2
1
1
1
1
1
4
1
1
4
1
1
4
1
1
2
1
1
2
1
1
2
1
1
4
1
1
23
2
1
1
2
1
1
2
1
1
2
1
1
3
1
1
4
1
1
2
1
1
2
1
1
2
1
1
2
1
1
28
2
1
1
2
1
1
2
1
1
4
1
1
4
1
1
4
1
1
2
1
1
2
1
1
2
1
1
4
1
1
25
2
1
1
2
1
1
2
1
1
3
1
1
4
1
1
4
1
1
2
1
1
2
1
1
2
1
1
2
1
1
1
1
1
1
1
1
1
1
1
1
1
1
1
1
1
1
1
1
1
1
1
1
1
1
1
1
1
1
1
1
1
23
2
1
1
2
1
1
2
1
1
2
1
1
3
1
1
4
1
1
2
1
1
2
1
1
2
1
1
2
1
1
26
2
1
1
2
1
1
2
1
1
4
1
1
4
1
1
4
1
1
2
1
1
2
1
1
2
1
1
2
1
1
26
2
1
1
2
1
1
2
1
1
4
1
1
4
1
1
4
1
1
2
1
1
2
1
1
2
1
1
2
1
1
21
2
1
1
2
1
1
2
1
1
2
1
1
2
1
1
3
1
1
2
1
1
2
1
1
2
1
1
2
1
1
26
2
1
1
2
1
1
2
1
1
4
1
1
4
1
1
4
1
1
2
1
1
2
1
1
2
1
1
2
1
1
27
1
1
1
2
1
1
2
1
1
4
1
1
4
1
1
4
1
1
2
1
1
2
1
1
2
1
1
3
1
1
26
2
1
1
2
1
1
2
1
1
4
1
1
4
1
1
4
1
