4489 3958 10
1
1
1 2270 2274 2275 3865
1
1
1 3711
1
1 1262 1263 1265 1292 1311 1312 1965 1981 1982
1
1 681 685 686 3916
1
1 2270 2295 2296 3912
1 3245 3246 3248
1 3622 3628 3630 3801
1
1 3957
1 3941
1
1
1 2089 2105 2106 3716
1
1
1
1
1
1 221 225 227 3958
1 1965 1993 1995
1 3773
1 1934 1944 1946
1 3766
1 3806
1
1
1
1
1
1
1 3785
1 2697 2713 2715 3812
1 3424 3448 3449 3926
1
1 1262 1274 1276 3951
1 375 385 386 3787
1 3921
1 3902
1 2329 2339 2340 3719
1
1 3337 3362
1
1 3872
1 743 744 746 2513 2523 2525 3793
1
1
1
1
1 1841 1848 1850 3723
1
1
1 3901
1 313 314 315
1
1 1078 1094 1096
1 3688
1
1
1
1 3714
1 3124 3150 3151 3737
1 2880 2899 2900 3804
1
1
1 221 228 230 3791
1 2451 2455 2457 3824
1
1
1
1
1 3245 3261 3263
1 3751
1
1
1 1996 2015 2017 2018 2020 3939
1
1
1
1 1416 1437 1438 3795
1
1 99 117 118
1
1
1 1508 1521 1523 1536 1546 1547 1552 1554 3658 3659 3661
1 37 50 53 68 84 99 114 129 141 144 159 169 172 175 190 206 221 231 234 237 249 252 262 265 268 279 282 298 344 357 360 375 385 387 389 404 419 434 450 465 481 496 509 512 558 571 574 589 605 620 630 633 636 651 664 667 681 694 697 712 728 743 759 774 789 804 817 820 835 851 866 879 882 897 913 928 941 943 958 974 989 1002 1005 1016 1026 1029 1032 1044 1047 1057 1060 1063 1109 1125 1140 1155 1170 1183 1186 1232 1242 1245 1248 1262 1277 1323 1339 1385 1401 1416 1431 1446 1459 1462 1508 1524 1536 1549 1552 1567 1583 1629 1645 1691 1707 1722 1738 1779 1792 1795 1810 1826 1841 1857 1903 1916 1919 1965 1978 1981 1996 2012 2027 2043 2058 2068 2071 2074 2089 2105 2119 2134 2177 2193 2208 2224 2239 2255 2270 2283 2298 2314 2329 2339 2342 2345 2360 2376 2390 2406 2421 2436 2451 2467 2544 2560 2575 2591 2637 2653 2668 2683 2697 2713 2728 2744 2759 2775 2789 2805 2911 2924 2927 2942 2958 3095 3111 3153 3169 3245 3261 3276 3291 3337 3353 3658 3659
1 496 509 510 3744
1 2911 2924 2927 2929 3396 3421 3422 3696
1 3803
1
1
1 375 385 386 3769
1
1 1779 1798 1800 3757
1
1 1292 1302 1303 3813
1
1 344 354 355 1292 1296 1297 2880 2881 2882 2890 2891 2896 2898
1 1934 1959 1960
1 3732
1
1
1
1 1354 1355 1356 3860
1 3337 3347 3349 3350 3351
1
1
1
1
1 804 826 827 3754
1
1
1
1
1
1 3622 3628 3630 3924
1
1
1
1 1047 1066 1068 2390 2403 2405
1 1078 1082 1083 3922
1
1 1354 1358 1360 3756
1
1
1
1 37 59 61 1753 1773 1774
1
1
1 3184 3194 3196 3786
1
1
1 3918
1
1 3853
1 2360 2364 2365 3910
1
1 2606 2628 2629 3878
1
1
1 3749
1
1
1 3488 3509 3510 3927
1 3713
1 3245 3261 3263 3717
1 3736
1
1
1
1
1
1
1
1 3488 3504 3506 3708
1 404 431 432 3740
1
1 1779 1783 1784 3828
1
1
1
1
1
1
1 3864
1 3869
1
1 1354 1373 1374
1 1567 1583 1585
1 1965 1993 1995 3919
1
1
1 3424 3431 3433 3690
1 3907
1
1
1 375 389 390 391 3823
1 1567 1568 1570 1595 1596 3911
1 2973 2974 2975 3842
1
1 3805
1 3917
1 3936
1 434 438 440 3841
1
1
1 1872 1882 1884 3949
1
1 2208 2227 2229
1
1
1
1
1
1
1
1 1416 1437 1438 3880
1 3882
1
1 651 676 677
1
1 2880 2893 2894 3914
1
1
1
1 2239 2246 2248
1 3337 3353 3355 3752
1 3778
1
1
1
1
1
1 2089 2105 2106 3948
1
1 1354 1367 1369 1370 1372
1
1
1 3396 3403 3404 3938
1
1 3794
1 3488 3501 3502 3826
1
1
1 3033 3037 3038 3039
1 3515 3528 3530 3748
1 3873
1
1
1 3876
1 3095 3113 3115 3116
1
1
1 3276 3288 3289 3825
1 651 661 662 3889
1
1
1 1047 1072 1074
1 2208 2227 2229
1
1
1
1 129 135 137 156 158 1810 1814 1815 2575 2600 2601
1
1
1 989 999 1001 1008 1010 1011
1
1 743 768 769 3940
1 1354 1379 1381 3932
1
1 252 268 269 282 310 312 3715
1
1 3215 3216 3218 3928
1 3306 3322 3324 3830
1
1
1 1047 1048 1049 3750
1
1
1
1 3890
1
1 2360 2382 2384
1 3215 3219 3220 3776
1
1
1 3245 3258 3259 3937
1 1753 1770 1771 3893
1 3942
1 1753 1761 1762 1776 1777 1778 3775
1 3777
1 3832
1 3837
1 2911 2915 2916 3728
1
1
1
1 1753 1761 1763 1776 1777 3811
1 1810 1826 1827 3760
1 1323 1336 1338 3799
1
1
1
1
1 1232 1239 1241 3858
1
1 252 268 270
1
1
1 3424 3445 3447 3822
1
1
1 2239 2264 2266 3884
1 1354 1370 1372 2880 2896 2898
1 2270 2286 2287 3930
1 1323 1339 1340 1341 3724
1
1
1 3755
1 3818
1
1 3003 3018 3020
1
1 3306 3313 3314 3934
1 681 685 686 703 705
1 2942 2958 2960 3784
1 1323 1336 1338 1339 1341 3706
1 2668 2688 2689 3781
1 496 512 514 3888
1 1078 1097 1098 3792
1 3729
1 1934 1962 1964
1 3904
1
1
1 3734
1
1 743 747 748
1
1
1
1 712 719 720 721
1 3726
1 3738
1
1
1 3851
1
1 221 231 246 247
1
1
1
1 3829
1
1 2606 2625 2626 3955
1 282 292 293
1 3847
1
1 282 292 293 3933
1
1 37 53 55 3903
1 3838
1 2911 2924 2925
1
1
1
1
1 1292 1317 1318 3739
1
1 835 842 843 3789
1
1
1
1
1
1
1
1 2482 2510 2512 3788
1 1232 1248 1250 3821
1 804 832 834
1 221 225 226
1
1
1
1
1
1 434 438 439 3809
1 2239 2240 2241 3836
1 1753 1773 1774 3870
1 2089 2093 2094 3796
1 37 47 49 53 54 3741
1 1323 1336 1338 3759
1
1
1 129 147 148 149 313 326 327
1 3923
1 3033 3034 3036 3929
1 1292 1296 1297 3945
1 2911 2924 3762
1
1
1 1232 1248 1250 3782
1
1
1 3396 3409 3410
1 3742
1
1 190 191 193
1
1
1
1 3276 3303 3304 3866
1 3649 3652 3654 3863
1 3765
1 3753
1
1
1 3488 3509 3511 3768
1 3396 3412 3414 3733
1
1 1567 1592 1594 3745
1 375 382 383 3877
1
1 6 7 8 3854
1
1 928 935 936 958 974 975 3817
1
1
1 434 453 454 3874
1
1 1232 1239 1241
1
1 651 676 677 1354 1370 1372
1
1
1 681 700 701
1
1
1 2911 2933 2935
1 835 851 853 860 862 3802
1 3396 3409 3410 3798
1
1 3956
1
1
1 651 661 663 3920
1
1 743 762 764 2513 2529 2531
1
1 2789 2802 2804
1
1 375 379 380 3730
1
1 3424 3431 3432
1
1
1 3875
1
1
1
1
1
1
1 3746
1 3153 3160 3162
1
1
1 2089 2108 2110 3797
1
1 2239 2246 2247
1 835 839 840
1 3703
1
1 375 379 380 3953
1
1 2880 2899 2901 3886
1
1 681 709 711 3899
1
1 282 301 302 3124 3141 3142 3143 3337 3356 3357 3358 3702
1 1354 1361 1362 3721
1 3779
1
1
1 1140 1155 1158 1159 3691
1
1 252 268 270 3710
1
1
1 2177 2193 3515 3531 3532 3712
1
1
1 2697 2701 2702 2725 2726
1
1 558 568 570 571 572 3693
1 3743
1
1 3831
1 2360 2376 2378 3845
1 434 441 442 620 636 638 1872 1891 1892
1 1567 1580 1582 1583 1584 1595 1596 3697
1 2728 2753 2754 3807
1
1
1
1 1262 1277 1279 3935
1
1
1 2089 2105 2107
1 3840
1
1
1 3396 3409 3411
1
1
1
1 2360 2364 2366 3946
1
1 3815
1 3704
1
1
1
1 3913
1
1 221 237 239 3947
1
1 866 882 883 884
1
1
1
1
1
1 282 298 300 3276 3303 3304
1 1262 1283 1285 3862
1
1 2668 2680 2682 3727
1
1 1078 1094 1096 3810
1
1
1
1
1
1
1
1 3592 3596 3597 3770
1
1
1 404 411 412 3900
1 1416 1431 1433 1440 1442 3761
1
1
1
1
1 2973 3000 3001 3694
1 3488 3498 3500 3952
1
1 774 786 787 2513 2529 2531 3894
1 1170 1186 1188 3943
1 835 836 837
1 527 540 542 543 545
1 2421 2433 2435 3905
1 3814
1
1
1
1 1722 1732 1733
1 2239 2267 2269 3856
1 496 518 520 3881
1
1 1354 1358 1359 1364 1366 1367 1368 3699
1
1
1
1
1 1262 1263 1265 3848
1
1
1 1779 1789 1791 3843
1 221 243 245 835 851 853 854 855 3698
1 2451 2470 2472 3767
1
1
1
1 282 292 294 3758
1
1 3861
1 3561 3583 3584 3895
1
1
1
1 1170 1186 1188 3783
1 897 919 921 3871
1 1292 1308 1310
1
1
1
1
1
1 3561 3574 3576 3844
1 3906
1 37 44 45 3725
1 3772
1
1 2849 2862 2864 3954
1 1872 1882 1883 3709
1 1903 1913 1915 1919 1921 3763
1
1 3337 3344 3345 3353 3692
1
1 2451 2455 2457 3834
1
1 1903 1931 1933 3808
1
1
1 1965 1975 1976 3707
1
1
1 1047 1051 1053
1
1
1
1
1
1
1 1446 1459
1 712 722 723 737 738 3898
1 3337 3347 3349 3883
1
1
1
1
1
1
1
1 2390 2418 2419 3718
1 681 703 705 3833
1
1
1
1
1
1
1 1872 1882 1884 3849
1
1 1996 2015 2016 2544 2560 2561
1 3215 3236 3238 3852
1
1 1567 1592 1594 1903 1916 1917 3816
1
1
1 375 385 386 389 390
1 2360 2370 2371 3790
1
1 3771
1 1446 1462 1463 3867
1
1 3705
1 282 304 306 3780
1
1 1016 1023 1025 1026 1047 1054 1056 1057 1059 1069 1071 1072 1074 3700
1
1
1 1536 1549 1550 3891
1 434 447 449 3892
1
1
1 1753 1758 1760 1764 1766 3488 3501 3503
1
1 3276 3300 3301 3720
1 2270 2292 2294 3950
1 1567 1592 1593 1903 1916 1917 3857
1 2697 2710 2712 3925
1
1 2208 2227 2229 3774
1
1 3819
1
1
1
1
1
1
1
1 2270 2292 2294 3747
1
1
1
1 3003 3018 3020
1 1292 1317 1319 3764
1
1
1
1 159 178 180 3868
1
1
1 2606 2628 2630 3827
1
1 1354 1367 1368 3931
1
1
1
1
1
1
1 3515 3519 3521 3839
1
1 375 376 377 378 1934 1959 1961 3153 3154 3156 3175 3176 3695
1
1 3592 3619 3620
1 465 475 477 478 479 3689
1
1 3887
1 2089 2111 2113 3850
1
1
1 3649 3652 3653 3897
1 1354 1373 1374 3835
1 1446 1453 1455 3731
1 252 268 270 3722
1 989 1008 1009 1010
1
1
1 6 22 24
1
1
1
1 3846
1
1
1
1
1 3735
1 3424 3448 3449 3800
1
1
1 743 759 761
1
1
1 2329 2336 2338 3855
1 3909
1
1
1
1 712 737 738 3003 3015 3016 3018 3020 3859
1 989 1005 1007 3896
1 3915
1 3306 3316 3317
1
1
1 1477 1493 1495
1 3879
1
1 2058 2083 2085 3095 3108 3110 3111 3112 3121 3123 3701
1
1 1262 1283 1285
1
1
1 3276 3303 3305 3885
1 1753 1761 1762 1776 1778 3908
1
1 3820
1
1 3033 3037 3038
1
1
1 3124 3150 3151 3944
2
2
2
3 4
3 4 5
3 5
3 4
3 4
6 16 18
6 13 15
6 7 8
6 19 20
6 10 11
6 19 21 897 901 903
6 34 35
6 13 15
6 13 15
6 7 8 9
6 7 9 3640 3641 3642
6 16 17 18 34 36
6 31 33
6 28 30 31 32
6 13 14 22 24 28 29
6 22 23 24
6 10 11
6 28 30
6 16 17 18
6 7 9
6 22 23 34 35
6 25 26 1016 1032 1033 1035 1037 1038 1039
6 25 26 27 1047 1057 1059
6 7 8 25 27 1016 1044 1046
6 34 36 1016 1029 1030 1041 1042
6 10 11 31 32
7 9 28 29
10 11 12 28 30
10 12 31 33
13 15 34 35
13 14 31 33
13 15 16 18 19 20 22 24
16 17 18
19 21 22 23
22 23 24
31 32 33
37 50 51 52 129 150 151 1629 1645 1647 1691 1695 1697
37 47 48 49 2668 2674 2675
37 50 52 53 54 55
37 50 1660 1679 1680 1681
37 41 43 2575 2585 2586
37 56 57 3451 3452 3453
37 41 43 50 2668 2691 2692
37 53 55 99 123 124 125
37 50 68 75 77
37 38 39 3561 3580 3581
37 59 60
37 56 57 68 90 92
37 41 42 53 62 64
37 38 40 2027 2037 2038 2055 2057
37 65 67 2668 2674 2675 2691 2693
37 41 42 53 1629 1639 1641
37 41 42 43 1629 1633 1635 1660 1676 1678
37 47 49 53 54 55 2360 2382 2383
37 56 57 58
37 41 42 44 45 46 59 60 3515 3528 3530
37 65 67 99 100 101 117 119 1660 1661 1663
37 47 49 53 55 65 66 1629 1633 1634 1635
38 40 59 60
38 39 50 56 58
38 39 59 60
41 42 59 61 62 63
41 43 62 63
44 46 65 66
44 45 46 65 66
44 45 46 62 64
47 48 49 50 51
47 48 65 67
50 52 53 54
53 59 60
53 62 63 64 65 66
68 90 91 3678 3679 3681
68 84 86
68 90 92
68 69 70 87 88 89 1691 1707 1709
68 93 94 1691 1692 1694 1716 1718
68 84 86 2606 2625 2626
68 69 70 96 97 1691 1707 1708
68 75 77 96 98 99 108 110
68 69 70 87 88 1691 1707 1708 1709 2027 2037 2039
68 69 71 1660 1679 1680
68 69 71 1691 1713 1715
68 75 77 84 86 1691 1710 1712
68 78 80 93 94 96 97 98 3451 3452 3454
68 90 92
68 75 76 90 91 3678 3679 3681
68 81 83
68 78 80 2973 3000 3002
68 81 82 84 85 1691 1707 1709 3451 3452 3454
68 81 83 84 85 3678 3679 3680
68 69 70 72 74 2027 2037 2039
68 84 85 86 1779 1780 1782 3451 3455 3456
68 69 71 72 74
68 87 89 99 123 125 3124 3139 3140
68 72 74 2027 2037 2039 2040 2042
68 78 79 96 98
68 81 82 84 2027 2040 2042
68 84 86 3451 3470 3472
69 70 71 90 91
72 74 93 94
72 73 75 76 93 95
72 73 90 92
75 76 77
78 80 84
78 79 80
87 89 90 91 93 94
93 94 95
99 111 112
99 123 125
99 108 109
99 100 111 113
99 114 116
99 111 112
99 100 101
99 120 122
99 120 122 2027 2037 2039
99 126 128
99 117 118 119 159 181 182
99 100 101
99 105 106 123 125
99 126 127
99 117 119
99 126 127
99 117 118
99 120 121 123 125 1691 1713 1715 2668 2674 2676
99 117 118 129 135 137
99 102 104
99 114
99 105 106 107 108 109
99 102 104
99 120 121
99 102 103 120 122
99 111 113
99 105 107
99 105 106
99 108 110
99 114 116
99 111 112 114 116
102 103 104 123 124
108 109 110 114 116
108 109 126 128
108 109 110 126 127 128
111 113 114 115
114 115 116
114 117 118
129 144 146 3215 3236 3237
129 135 136 156 157 3592 3611 3612
129 141 144 3592 3611 3612
129 147 148 159 187 188 190 200 201
129 144 145 146
129 138 139 150 152 2329 2330 2332
129 144 146
129 138 139
129 138 140 141 142 2027 2046 2047
129 141 143 144 146
129 130 132 3592 3593 3595
129 150 151 152 2329 2330 2331 2351 2352
129 138 140 156 157 3366 3390 3392
129 133 134
129 135 136
129 144 145 146 153 154
129 130 131 147 149
129 130 132 3215 3216 3218
129 141 1779 1807 1809
129 133 138 140
129 141 143
129 135 137
129 141 142 143 2973 2991 2992
129 130 131
129 144 2329 2348 2350
129 135 137 2544 2554 2556
129 135 136 153 155 3215 3236 3237
129 130 132 153 155
130 131 132
133 134 147 149 153 154
138 139 140 156 158
138 139 156 158
144 150 152 156 158
144 147 149
159 181 182 190 212 214
159 181 183
159 172 3561 3571 3572 3573
159 163 164 190 218 219 2360 2379 2381
159 178 179 2027 2037 2038 2040 2041
159 166 167 184 186 3561 3577 3579
159 181 182
159 178 180
159 166 168 3561 3586 3587
159 169 170 172 173 2513 2541 2543
159 175 176 177
159 163 164
159 172 174 184 186 3561 3577 3579
159 175 3561 3574 3576 3577 3578
159 169 2360 2379 2380
159 160 161 190 212 214
159 175 177 190 191 193
159 175 177 178 180 190 191 193 2360 2370 2372
159 169 170
159 172 175 177
159 169 171 172 173 3561 3574 3576
159 160 161 162
159 187 189 1354 1370 1372 2089 2105 2107
159 160 162 175 177 181 182 190 212 214
159 160 161 169 170 175 176
159 184 186 3561 3565 3567
159 166 168 184 185 3561 3589 3590
159 172 174 175 176 3561 3568 3570
159 166 167 172 3561 3577 3578
159 175 184 186 1779 1804 1805 3366 3373 3374
159 187 189
159 169 190 200 201
159 187 189
163 165 169 181 183
163 164 184 185
163 165 184 185
166 167 168 187 188
166 167 169 170 171 187 189
169 170 171
169 172
172 173 174
175 178 180
175 178 179
187 188 189
190 194 196 197 198 3561 3571 3572
190 206 2360 2370 2372 2373 2374
190 212 213
190 191 192 197 199 3561 3589 3591
190 194 195 197 198
190 197 199 218 219 3561 3565 3566
190 191 193
190 215 217
190 203 204
190 206 208
190 206 208 3561 3568 3569 3570
190 197 198
190 200 202
190 209 211
190 194 195 212 213 214 3561 3583 3585
190 215 216 3561 3589 3590
190 209 210 218 220 2360 2379 2381
190 206 209 210 2360 2379 2380
190 206 207 2360 2367 2369
191 192 209 211
191 193 194 196
194 195 212 214
197 198 199
200 201 218 220
200 201 202 203 205
203 204 206 208
203 205 206 208
206 207 208
215 216 217
215 217 218 219 220
221 222 223 1722 1738 1739 2575 2576 2578
221 243 245
221 231 282 292 294 1753 1756 1757 1776 1777
221 234 236 237 238
221 231 233 234 235 3546 3547 3548
221 237 239 2697 2722 2723 2725 2727 3481 3485 3487
221 222 224 234 1810 1823 1825
221 222 224 234 1934 1959 1961
221 231 3337 3341 3342 3359 3361
221 225 227
221 237 249 251 1810 1820 1821
221 228 230 249 250 1810 1826 1827 1828
221 231 233
221 240 241 1170 1177 1178
221 240 242 2575 2579 2581
221 231 232 2360 2382 2383
221 234 236 237 239 2697 2722 2724
221 225 227
221 249 1810 1826 1828
221 231 232 1810 1823 1825 1826 1828
221 237 239
221 249 250 1810 1817 1819
221 237 2058 2080 2081 2575 2582 2584
221 225 226 243 245 246 248
221 231 232 233 1810 1838 1839
221 228 229 237 238 239
221 243 245
221 243 244 246 248
221 234 2637 2659 2661
221 228 229 243 245 246 247
222 224 243 244
222 223 240 242
222 223 234
225 227 246 247
228 229 246 248
231 240 241 242
231 233 234 235 237 238
231 232 237
249 250 251
252 256 258 465 466 468 469 471 2849 2856 2858
252 279 280
252 271 272 279
252 256 257
252 271 273 434 453 454
252 262 263
252 262 3245 3264 3266
252 253 255 465 469 471
252 265
252 277 278 434 441 443 456 458
252 256 257 262 264 277 2818 2822 2824
252 256 257
252 265 465 481 483
252 279 1446 1453 1455
252 256 258
252 256 258 2849 2877 2878
252 262 1446 1453 1454 1455 1459 1461 1462 1463 1464 1471 1473
252 253 255 274 275
252 256 257 265 404 419 421
252 268 270
252 268 269 270
252 279 281 1446 1465 1466 2789 2790 2792 2796 2797
252 274 276 465 469 470 475 476 493 495
252 259 260
252 271 272
252 271 272 274 276 1446 1453 1455
252 274 275 276 3276 3277 3278
252 262 277 278 1446 1471 1472
252 268 269
252 279 280 281
252 256 257 274 276 465 481 483
253 254 271 273
253 254 265 274 275
256 258 277
259 260 261 277 278
259 261 279 280
262 263 265 266 268
262 263 279 281
262 264 265 267 268
265 266 268
265 266 267
271 272 273
277 278 279 281
282 307 308 1841 1854 1855 1857 1859
282 298 299 300
282 304 305
282 283 285
282 283 284 285 301 302 1841 1854 1855
282 307 309 1416 1422 1423 3672 3673 3674
282 289 290 307 309 3515 3525 3527
282 286 287 1841 1848 1849 1857 1859
282 295 297 3276 3288 3289
282 283 285 1841 1857 1859
282 298 300
282 292 293
282 301 303 1385 1404 1406 3184 3203 3205
282 295 296 297 298 299 300
282 298 300
282 289 290 291 313 332 334
282 301 302
282 295 296 2942 2964 2966
282 286 287
282 286 288 307 308 1841 1857 1859
282 292 294 298 299 310 312 313 329 330 331 2177 2196 2197
282 283 284 289 291 313 317 319
282 298 3515 3531 3533
282 301 303
282 283 284 301 302 303 804 823 825
283 285 304 305
283 284 301 303
286 287 288
286 287 304 306 307 309
289 291 310 311
292 293 294 295 296 298 299
295 297 298 299
301 302 310 311 312
304 305 306
307 308 309
313 317 319
313 320 322
313 335 337
313 326 327 332 333
313 317 318 3515 3543 3545
313 314 315 329 331 3003 3024 3026
313 314 316 320 322 335 336 2177 2178 2180
313 317 319 338 339 3515 3525 3526
313 323 325 341 343 3003 3015 3017
313 338 340 1385 1404 1405
313 329 331 681 706 707 3003 3018 3019 3020
313 314 315 316 2177 2193 2195
313 320 321 329 331
313 332 333 2637 2665 2667
313 320 321 322
313 314 316 332 334
313 326 328 344 351 352 354 356 369 371 1416 1434 1435 2089 2099 2101
313 320 321 3003 3018 3019
313 338 340 3515 3528 3529
313 338 339
313 338 339
317 318 326 327 328
317 318 335 337
317 318 335 336
320 322 341 342
323 324 329 330 331
323 324 325
323 325 326 327
326 328 329 330
329 330 332 333
338 339 340
338 340 341 342 343
344 348 350
344 360 3396 3406 3407
344 345 347 366 367 404 405 407 3396 3403 3405
344 366 368
344 357 358
344 357 359 360 362 404 405 407 425 426 427
344 357 2911 2930 2931
344 366 367 404 425 427 428 429
344 363 364 2911 2912 2913 2914
344 363 364
344 360 362 369 371 2942 2949 2951 2967 2968
344 348 350 2089 2102 2104 2105 2106
344 360 361 404 425 426
344 357 359 360 362 366 367 372 373 404 405 406
344 366 367 404 414 415 422 424
344 351 352
344 360 2880 2893 2895 2896 2897 2898
344 372 374 1262 1283 1284 2880 2896 2898
344 354 355 363 365 3396 3409 3411
344 360 372 373 3396 3406 3407
344 360 361 404 425 427
344 345 347 404 405 407 422 424
344 354 355
344 372 374
344 372 374
344 351 352 353 366 367
345 346 372 374
345 346 363 364 365
345 347 348 349 366 368
348 349 350
348 349 351 352 363 364
348 350 369 370
351 353 372 373
354 355 356 357 358
354 355 372 374
357 358 359 360
357 369 370 371
357 359 360 361 362
360 361 362
375 389 390 391
375 389 3592 3596 3598
375 389
375 401 402 1629 1657 1659
375 387 388
375 385
375 379 380 382 384 392 394 1262 1283 1285
375 379 381
375 389 391
375 392 393 1934 1956 1957 2390 2394 2396
375 385
375 382 383
375 389 391
375 392 393
375 398 400
375 385 386 401 403
375 387 3592 3616 3618
375 389 401 402 1016 1041 1042
375 389 391
375 376 377 382 384
375 387 388
375 376 377 382 384 385
375 387 389 390
375 382 383 398 400
375 385 395 396
375 385 387
375 395 397 2759 2781 2783
375 385 3592 3596 3597
375 398 399 400 3592 3596 3598
376 378 395 396
376 377 389 398 399
376 377 392 393 394
379 380 387
379 381 398 399
382 383 384
382 384 392 394 401 402
387 395 397
392 394 395 396
401 402 403
404 417
404 417 418
404 417 418 465 481 483
404 411 413 431 433 1872 1873 1874 2789 2812 2813 3245 3246 3248
404 411 413 3245 3249 3251
404 414 416 431 433 465 484 486 1446 1471 1473 3245 3249 3251 3270 3271
404 419 420
404 408 410 428 429
404 414 415 416 417 418
404 422 423 424 2089 2099 2100 2105 2106
404 422 423
404 411 412 413 3245 3264 3265
404 414 415 1872 1894 1895 2818 2843 2844
404 419 421 2818 2825 2826
404 414 415 416 2818 2843 2844
404 411 412 428 430
404 431 432
404 419 421
404 408 409 425 426
404 422 423
404 431 432 3245 3267 3268
404 422 424
404 411 412
404 411 413
405 406 407
408 410 425 427
408 409 410 425 427
417 418 419 421
419 428 429
419 420 421
419 428 430
431 432 433
434 459 460 2360 2361 2362
434 435 436 437 1872 1894 1896
434 438 440 459 461 2818 2819 2821 2840 2841
434 444 446
434 456 458
434 462 464 1354 1376 1377 1379 1381
434 438 439 440 2818 2837 2839
434 438 440 465 466 467 484 486
434 450 452
434 438 440 2818 2840 2841 2849 2865 2867
434 441 443 462 463 1872 1891 1892 2818 2840 2841
434 453 455
434 450 451 452
434 441 443 450 2818 2846 2847
434 444 445
434 447 448 462 464
434 450 452
434 447 448 449 450 452 1872 1891 1893
434 456 457
434 444 445
434 435 437 453 454 465 478 479 487 489
434 450 2849 2871 2873
434 459 461 1872 1891 1892
434 447 449 450 1477 1481 1482
434 447 449 1292 1314 1315 2697 2710 2712 2713 2715
434 435 437 456 457
434 453 454 1872 1873 1875 1879 1880 1897 1899 1900 1902
434 441 442 443 456 458
434 447 448
435 436 453 455
438 439 456 457
438 439 456 458
441 442 459 461
444 446 447 448
444 445 450 452
450 451
459 460 462 463 464
459 460 461
465 469 470 2849 2868 2869
465 493 494
465 478 480
465 472 474 493 494 495 2849 2868 2869
465 472 474
465 469 470 472 473 487 489 490 491
465 484 485 486 2849 2877 2879
465 469 471
465 481 1872 1900 1902 2849 2874 2876
465 493 494 2789 2806 2808
465 487 488
465 466 468
465 481 482 483
465 472 473 481
465 475 477
466 467 475 476
466 468 487 488
469 471 490 491
469 470 487 489
472 473 474
475 476 490 492 493 495
475 476 481 482 483 490 492
478 479 480 481 482
481 484 485
481 487 488
490 491 492
496 500 501 527 537 539 549 550 552 553
496 503 505 506 507 524 525 589 605 606
496 506 507 512 514
496 521 523 3396 3412 3414
496 524 526 2270 2295 2297
496 509 558 559 560
496 503 505 589 614 615 3306 3328 3329
496 497 499
496 524 525
496 506 507 509 511 3306 3307 3309
496 515 516 517 1903 1925 1926
496 524 526 589 602 604 605 607 3306 3322 3323
496 509
496 515 516 2298 2305 2307
496 509 510 524 526 2270 2283 2284 3306 3316 3317
496 500 501 503 504 518 520
496 512 513 514
496 506 508 1508 1533 1534 1536 1549 1550
496 518 519 520
496 518 520 527 546 548 589 590 592
496 503 504 505 518 520 521 523 524 525
496 521 522
496 524 525 589 608 609
496 497 498 499 512 3306 3328 3330
496 512 3124 3134 3135
496 506 508 509 511 512 514
497 498 515 517
500 502 521 522
500 501 502 509
503 504 521 522
503 504 505
503 504 521 522 523
509 511 512 513
509 524 525
509 510 512 513 514
512 518 519
512 515 517
527 540 541
527 546 548 1508 1512 1513 1514
527 555 556 3124 3131 3133
527 534 535 558 586 588
527 537 538 552 554 558 565 566 586 587 3124 3147 3149
527 549 551 2421 2448 2450
527 534 535 558 568 569 571 572 574 576
527 531 532 589 611 613
527 537 538 543 544 558 574 576
527 534 535
527 528 530 546 548
527 543 545 3306 3307 3309
527 540 541
527 549 551 1508 1509 1510 2421 2448 2449
527 531 533 552 553 558 568 570
527 528 529 549 550 558 565 566
527 546 547 589 593 594 611 613
527 534 535 537 539
527 543 545 589 590 592
528 529 530 549 550 552 553
528 529 546 548
528 530 549 550
531 533 549 550
531 532 533 552 553
531 532 549 551
534 535 536
534 536 537 538 555 557
537 539 540 541
540 542 543 545
540 541 542
543 544 545
546 547 548
552 553 554
555 556 557
558 574 3396 3400 3401
558 574 576 3124 3131 3133
558 562 563 577 579
558 571 572
558 562 564 2270 2271 2273 2292 2293
558 577 579 2270 2283 2285
558 583 584
558 559 560
558 571 573 574 575
558 580 582
558 574 575 3337 3356 3357
558 577 578 579 2270 2280 2282
558 574
558 574 576
558 574 575 576
558 559 561
558 562 564 571 2270 2271 2273 2289 2291 2292 2294
558 571
558 568 569
558 571 573
558 565 566 583 585 2421 2439 2440
558 580 582
558 559 561
558 565 567 586 587 3124 3125 3126
559 560 562 563 580 581
559 561 580 581
562 563 564 571
562 563 580 582
562 564 583 584 585
565 566 567
568 569 586 588
574 586 587 588
574 577 578
589 605 607 2421 2445 2446
589 599 600
589 590 592 1508 1521 1522 2421 2436 2438
589 608 610
589 605
589 596 597 598 3306 3307 3309
589 608 610
589 608 610 3306 3328 3329
589 614 615
589 605 607
589 602 604
589 599 601
589 608 609 3649 3652 3654
589 599 600 617 619
589 590 591
590 591 608 610
590 592 611 612
590 591 608 609 614 616
593 595 614 615
593 594 595 611 612
596 598 617 618
596 597 611 613 614 616
599 600 601 602 603
602 604 605 606 607
602 603 604 605 607
605 608 610
614 615 616
614 616 617 618 619
620 621 623 642 643 2606 2631 2633
620 633 1903 1907 1908
620 630 632 636 638 642 644 2119 2120 2121 2606 2628 2629
620 621 623 2606 2613 2615 2622 2623 2624
620 636 2606 2610 2612 2631 2632
620 624 625 633 634 1903 1910 1911 2606 2631 2633
620 648 650 2606 2610 2612
620 621 622 2606 2628 2629
620 624 625 3424 3428 3429
620 621 623 642 643 1903 1910 1912 2119 2120 2121
620 642 643 2606 2607 2609
620 630 631 632 636 638 1903 1904 1906 2606 2634 2636
620 621 623 630 631 636
620 627 629
620 639 640 2606 2625 2626
620 624 626 2606 2634 2636
620 645 646 647
620 627 628 629
620 636 637 638
620 627 628 645 646
620 633 634 635 2606 2610 2612
620 633 2513 2517 2519
620 630
620 621 622 633 634 636 638 642 644 2119 2120 2121
621 622 639 641
624 625 630
624 626 648 650
624 625 642 644
627 628 645 647
627 629 633 648 649
630 631 636
633 635 636 637
636 648 650
639 640 641
642 643 644
648 649 650
651 670 671
651 652 653 673 674 2451 2455 2456
651 673 675 676 677 678 679
651 658 660
651 658 659 3546 3555 3557
651 664 1903 1904 1906 1907 1909
651 655 656 3337 3362
651 676 677
651 664 1567 1592 1594
651 667 668 2606 2625 2627
651 661 662 3033 3049 3051 3061 3062
651 661 663 678 680 2728 2744 2746 3033 3055 3057
651 664 666
651 661 662
651 661 662
651 667 669
651 673 675
651 673 674 2451 2473 2475
651 655 657 676
651 655 656
651 664 667 669 2606 2610 2612
651 658 660 678 680 2239 2258 2259
651 664 666 676
651 652 653 2451 2461 2463 2479 2481
651 667 669 2606 2625 2627
651 664 665
651 664 666
651 658 659 660
651 658 659
651 673 674
651 664 665 666 667 668
651 670 672
651 667 669
651 667 668
652 654 670 672 673 674
652 653 654
655 656 657 664 666
661 662 663
661 663 664 665 667
664 670 671 672
667 670 671 673 674
667 668 669
678 679 680
681 703 704
681 697 698 699
681 694 696 697 698
681 694 3003 3027 3029 3030 3032
681 697
681 706 707 3003 3018 3020
681 691 693 3003 3012 3013 3014 3030 3031
681 688 689 690 2298 2320 2322
681 682 684
681 688 689 2298 2311 2312 2314 2315 2606 2622 2623
681 691 693 3003 3027 3028 3029
681 685 687 709 710
681 682 683 700 702
681 694 695 696
681 685 686 687
681 694 700 701
681 703 704 705
681 697 699
681 697 699
681 685 686 3003 3030 3031
681 694
681 706 708 2298 2302 2303
681 688 690 3003 3009 3011
681 697 699 1903 1919 1920
681 697 698 699
681 709 710 2298 2299 2301
681 706 707 3064 3080 3082
681 685 687 709 710 3003 3007 3008
682 684 700 701
682 683 684
682 684 703 704
688 689 706 708
688 690 691 692 693
691 692 706 707 709 711
691 692 709 711
691 693 697
691 693 694
694 695 697
697 700 702
709 710 711
712 725 726 728 729
712 716 718
712 725 727
712 728 2329 2336 2338 2513 2529 2531
712 734 735
712 725 727 728 730
712 728 734 735 736 3337 3338 3339
712 737 739
712 725 726
712 722 723 740 742 3337 3341 3342
712 719 721
712 716 717 3337 3341 3342 3343
712 728 729 737 738
712 713 715 731 733
712 725 727
712 719 721 740 741
712 734 736 1567 1592 1593
712 713 714
712 731 732 1567 1574 1575
712 728 730 2482 2507 2508
712 740 742
712 728 730
713 714 715
713 715 716 717 734 736
716 717 718 728 729
716 718 740 741
719 720 721
719 720 737 739
722 724 725 726 728 730
722 723 724
728 729 730
731 732 733
737 738 739
740 741 742
743 744 745 762 763 768 769 771 772 2482 2483 2484 2489 2490
743 762 763
743 768 769 2482 2492 2493 2498 2499 2510 2511
743 771 772 1965 1981 1983 2451 2476 2477
743 744 746 765 766 2482 2486 2488
743 747 748
743 768 769
743 753 755 759 760
743 768 770
743 744 745 2513 2529 2531
743 765 766 767 2482 2486 2488
743 756 758
743 753 755 756 757 2513 2520 2522
743 744 746 765 766
743 750 752 771 772 1965 1972 1974 1975 1976 1981 1983
743 762 764 774 786 788 2637 2656 2657
743 753 755 759
743 759 760 761
743 756 757 759 761 2637 2659 2661
743 768 770 3215 3233 3234 3306 3331 3332
743 768 770 1965 1993 1995
743 762 763 2482 2504 2505 2510 2511
743 759 765 766 1262 1263 1264 3306 3322 3324
743 753 754 1965 1975 1977 1978 1979 1981 1982 1993 1995 2482 2486 2487
743 747 749 765 767 804 814 815 817 818 826 828
743 756 757 759 760 761 2513 2520 2522 2541 2542
743 759 2606 2613 2614 2615
743 750 751 753 754 759 761 768 770
743 744 746
744 745 762 764
747 748 749 765 766
747 749 768 769
750 751 752 771 772
750 751 768 770
753 754 771 773
753 755 759 760
753 754 771 772 773
756 757 758
756 758 759 760
762 763 764
774 792 793 804 820 822 1996 2021 2023
774 784
774 789 791
774 789 791 2482 2510 2512
774 784 785 789 791
774 781 783 801 802 2637 2656 2657
774 792 794 804 820 821 822 2482 2489 2491
774 784 785
774 775 776 792 793 794 1965 1990 1991
774 778 779 798 799 800 3424 3440 3442
774 784
774 792 793 804 820 822
774 789 791 3424 3448 3449
774 775 777 795 796 1965 1966 1967 2513 2514 2515
774 781 782 2482 2504 2506
774 792 794 795 796 2482 2504 2506
774 789 2270 2274 2275
774 781 783
774 781 782 2637 2656 2657 2658 3424 3440 3442
774 795 796 797 1965 1969 1970
774 789 795 797 1323 1345 1346 2513 2532 2534
774 798 800 2482 2483 2485
774 778 780 2637 2656 2658 3424 3440 3441
774 778 780 801 802 2482 2483 2485
774 792 794 804 817 818 820 821
774 786 787
775 776 792 794
775 776 777
778 780 798 799
778 779 795 797
778 780 781 782 783 798 799
781 782 798 800
786 787 788 789 790
789 790 791 801 803
801 802 803
804 808 810 829 830 831
804 820 822
804 829 831
804 820 823 824 1598 1605 1607
804 811 813 2513 2523 2524
804 814 816 817 818 1965 1987 1989
804 823 824 2637 2647 2649
804 826 828 2482 2489 2490 2507 2509
804 805 807
804 832 833
804 805 806 3424 3437 3438
804 826 827 2482 2492 2493
804 808 809 814 815 817 819 832 834 2513 2523 2524
804 832 834
804 805 806 2637 2659 2660
804 820 823 825 866 867 869 894 896 3424 3434 3435
804 817 3424 3428 3429
804 808 809 2513 2523 2524
804 820 822 2482 2483 2484
804 805 807 829 831 832 833
804 817 818 819
804 808 810
804 814 815 2482 2507 2508 2509
804 817 823 824 866 885 887
804 805 807 823 825 3424 3437 3439
804 829 830
804 820 866 873 874 876 878
805 806 807
808 810 811 813 829 830
808 810 826 827
811 812 813 832 833
811 812 829 831
814 816 826 828
814 816 817 819 820 821
814 815 816
832 833 834
835 857 859 3451 3473 3474
835 854 856 857 858 1996 2003 2005 2637 2656 2657
835 851 853
835 851 852
835 836 837 1598 1617 1618
835 839 840 857 859
835 839 840 1598 1602 1604 1623 1625
835 845 846 863 864 3451 3458 3459
835 836 838 1598 1602 1603 1620 1622 1623 1625
835 854 856
835 848 850 851 853
835 851 852 1323 1324 1326 1330 1331 1342 1343
835 842 843 848 849 850 863 865
835 860 862
835 845 846 860 862 1323 1351 1352
835 836 838 857 858 860 861 1323 1324 1325 1326 1598 1608 1610 1614 1615
835 836 837
835 851 852 854 855 860 861 862 1598 1608 1610 1614 1616
835 836 838 857 859
835 836 837
835 836 837 838 857 858 1598 1617 1619 1620 1621
835 845 847 1078 1082 1084
835 857 858
835 836 838
835 851 3451 3458 3460
839 841 845 847 848 849 850
839 840 841
842 843 844
842 844 860 862 863 864
845 846 863 865
845 846 848 849
848 849 850
848 849 850 851 852 853
851 860 861 863 864
866 876 878 879 880
866 882 883 884
866 879 880 881
866 876 878
866 876 877 2513 2520 2521
866 879 882 1598 1605 1607
866 879 881 882 884
866 873 875 894 895 1598 1626 1627
866 894 895 896 2637 2647 2648
866 885 886 2637 2638 2640
866 882 883
866 885 886 891 893 1965 1972 1974
866 882 884
866 882 883
866 867 869 879 2637 2665 2666
866 876 877
866 870 871 888 889
866 885 886 2637 2641 2642
866 870 872 3424 3437 3439
866 879
866 882 884
866 879 1598 1608 1609
866 876 877 894 896 2637 2650 2651 2659 2661
866 870 872 888 889 890 2513 2541 2543
866 879 881 2637 2665 2667
866 894 896 2637 2650 2651 2665 2666
867 868 869
867 868 885 887
867 869 882 894 895
867 869 888 889
870 872 891 892
870 872 888 890
870 871 872
873 874 888 890 891 893
873 874 875 891 892
873 875 882
876 877 879 880
879 880 882
897 922 923 958 965 966 974 975 976
897 913 915
897 919 921
897 916 917 989 999 1000 1005 1006
897 901 902
897 913 915 922 924
897 904 906 3366 3393 3394
897 901 903 958 980 981 3366 3370 3372
897 913 915 3366 3393 3395
897 913 915
897 898 899 916 918 958 962 964
897 904 905 906
897 925 926
897 904 906
897 922 924
897 916 917 989 996 998 1011 1012
897 898 900 919 920 989 1011 1012
897 919 921 958 977 978
897 907 908
897 898 899 900 913 958 983 985
897 922 923 3515 3528 3530 3531 3532
897 922 923 924 2544 2545 2546
897 925 926 927
897 904 905
897 901 902 907 908 919 920 958 983 984
897 910 911 912 3515 3543 3544
898 899 901 903
898 900 919 920
901 902 919 921
901 903 922 923
904 906 925 926
907 908 925 927
907 909 910 911
907 908 909
910 912 913 914 925 926
913 916 918
913 914 915
916 917 918
928 929 930
928 935 936
928 935 937 955 956 3276 3294 3295
928 941
928 932 934 952 953
928 943 944
928 949 951 1810 1811 1813 1832 1833 2697 2704 2706
928 935 936 943 1416 1437 1439
928 949 950
928 935 937
928 941 946 947 1047 1066 1068
928 938 939 940
928 938 940
928 935 936 938 939
928 941 942 943 945
928 946 948
928 932 934
928 946 947 2270 2271 2272 3124 3141 3143
928 943 955 957
928 941 942 958 974 976 3366 3370 3371
928 929 930 2697 2704 2705
928 941 942 943 945 958 971 972
928 943 944 945
928 955 957
928 932 933 934 949 951
928 929 931 1810 1829 1831 2697 2716 2718
928 941 943 945 958 974 975
928 938 940 941
929 930 946 948
929 931 932 933 949 950
929 930 931 952 953
932 933 941 949 951
932 933 941 952 954
932 934 952 953 954
938 939 955 957
941 942 943 945
943 955 956
943 952 954
949 950 951
958 968 970
958 968 970 983 985 986 987 988 2544 2566 2567
958 959 961 1779 1798 1800 3215 3225 3227
958 974 986 988 3366 3387 3389
958 965 966 967 2544 2548 2549
958 962 964 3153 3160 3162
958 968 969
958 974 975 976
958 959 961 977 979 980 982 3366 3382 3384
958 971 973 3366 3370 3371
958 962 964 983 985 3366 3379 3381
958 971 973
958 959 960 962 963 980 981 3366 3370 3372
958 977 978 979 3366 3379 3380 3382 3383
958 974 976
958 965 967 986 987
958 986 988 2544 2551 2553
958 968 969 1416 1422 1424 1753 1770 1771 3306 3313 3315 3334 3335
958 962 963 983 984
958 986 987 989 1013 1014 3153 3160 3162
958 971 972 974 976
958 962 963 980 981 1170 1195 1197 2544 2569 2570
959 960 977 978
962 963 980 982
965 966 967 986 987
965 966 974
968 970 971 972
968 969 970
971 973 974 975
977 978 979 980 981
980 981 982
983 984 985
989 993 994 1008 1009 1010
989
989 993 995 1011
989
989 996 997
989 996 997
989 996 998
989 1002 1003 1005 1007
989 1005
989 990 991
989 1005 1007 2973 2974
989 999 1000 1013 1015
989 1002 1004 1140 1141 1142
989 996 997 1002 1004 1005
989 1011
989 990 992 993 994 1008 1009 1010 1753 1764 1765
989 990 991 992 1008 1009 1753 1761 1762
989 1011 1012 1013 1014
989
989 1002
989
989 993 995 1002
990 992 1005
993 995 1008 1010
993 994 995
996 998 1013 1014
999 1000 1001 1005 1007
999 1001 1002 1003
1005 1006 1007
1013 1014 1015
1016 1026 1029 1032 1034 1047 1051 1052 1057 1058 1063 1065
1016 1038 1039 1040
1016 1029
1016 1017 1018 1047 1063 1065
1016 1038 1040 1047 1057 1058 2668 2688 2689 2690
1016 1017 1019 1038 1039 3515 3534 3535
1016 1017 1018 1035 1036 1047 1060 1062
1016 1041 1043
1016 1044 1047 1072 1073
1016 1035 1036 1037 2668 2688 2690
1016 1020 1021 1029 1030 1038 1040 2668 2688 2690
1016 1026 1028 1032 1033 1034 1047 1054 1055
1016 1044 1046
1016 1032 1034 3488 3501 3502
1016 1026 1047 1051 1053 1072 1073
1016 1020 1022 2668 2677 2679
1016 1041 1043
1016 1026 1028 1044 1047 1054 1055 1075 1076
1016 1026 1027 1041 1042
1016 1026 1753 1767 1768
1016 1029 1032
1016 1020 1021
1016 1038 1040
1016 1020 1022 1044 1045 3515 3534 3536
1016 1035 1037 1047 1051 1052 1060 1061
1016 1044 1045 1046 2668 2669 2670
1016 1029 1031 1032 1034
1017 1018 1035 1037
1017 1018 1019 1029
1020 1021 1022 1023 1024
1020 1022 1023 1025 1041 1042
1023 1024 1041 1043
1023 1024 1025 1041 1042
1023 1025 1026 1027
1026 1028 1044 1046
1026 1027 1028
1026 1028 1029 1030
1029 1031 1032 1033
1029 1031 1032
1029 1030 1032
1032 1033 1034
1047 1066 1068 1069 1070 1071 2390 2406 2408
1047 1057 1059 1063 1065 3515 3534 3535
1047 1057 2668 2688 2689
1047 1060 1066 1068 2390 2403 2405
1047 1051 1053 1054 1056 2668 2680 2681 2688 2690
1047 1069 1071 1170 1189 1190 1198 1200
1047 1063
1047 1072 1074
1047 1054 1055
1047 1057 1063 1064
1047 1048 1049 1050 2697 2716 2718 2759 2786 2787
1047 1057 1058
1047 1060 2390 2406 2408 2418 2419
1047 1060 1061 1062 1063 1064
1047 1048 1049 2697 2698 2700
1047 1057 2668 2688 2690
1047 1075 1077
1047 1060 3592 3605 3607
1047 1051 1052
1047 1069 1071
1047 1054 1056 1072 1073 2668 2680 2682
1047 1066 1067 2390 2403 2404 2418 2420
1047 1072 1074
1047 1048 1050 1066 1067 1069 1070 2390 2406 2408
1047 1069 1070 2390 2397 2399 2418 2419
1047 1063 1064
1048 1049 1050
1054 1056 1063 1065 1075 1077
1057 1075 1076 1077
1057 1058 1059
1060 1066 1067
1063 1064 1065
1063 1066 1067
1066 1067 1068
1078 1088 1090 1103 1104 1106 1108 3515 3516 3518
1078 1106 1108
1078 1088 1089 1103 1105
1078 1091 1092
1078 1088 1089 1106 1107
1078 1097 1098 1109 1125 1126 1127
1078 1106 1107
1078 1082 1084
1078 1094 1095 1109 1125 1127 3592 3599 3600
1078 1091 1093 1094 1095
1078 1094 1095 1096 1109 1122 1123 1125 1127
1078 1094 1096
1078 1085 1086 1087 1109 1131 1132
1078 1079 1080 1082 1083 1100 1101
1078 1100 1101 1109 1116 1118 1119 1120 1137 1139
1078 1082 1084
1078 1079 1081 1109 1116 1118
1078 1103 1105 1140 1147 1148 1164 1166
1078 1079 1080 1097 1098 1109 1125 1126
1078 1103 1105 1109 1131 1132
1078 1088 1090 1094 1096 1103 1105 1106 1107 3153 3154 3155 3172 3174
1078 1091 1092 1093 1109 1119 1121
1078 1091 1093
1078 1079 1081 1100 1101 1109 1131 1133
1078 1097 1099 1109 1122 1124
1078 1082 1083 1109 1110 1112
1079 1081 1100 1101 1102
1079 1080 1097 1099
1082 1083 1085 1086 1100 1102
1082 1084 1103 1104
1085 1087 1106 1107
1088 1089 1090
1109 1137 1139
1109 1110 1111 1140 1152 1153
1109 1119 1121
1109 1116 1117 1131 1133 1134 1136 3153 3175 3177
1109 1116 1118
1109 1119 1121
1109 1116 1117 1118 3592 3599 3601
1109 1128 1129
1109 1125 1127 3481 3482 3484 3485 3486
1109 1119 1120 1137 1138
1109 1134 1136
1109 1131 1132
1109 1122 1124 1125 1126
1109 1113 1114
1109 1134 1135
1109 1116 1117 3592 3616 3618
1109 1128 1129 1130
1109 1125 1127
1109 1128 1129 3153 3172 3173
1109 1110 1112 2759 2781 2782 3592 3605 3607
1109 1137 1138
1109 1131 1133
1109 1110 1111 1125 3153 3160 3161 3181 3182
1109 1110 1111 1116 1117 1131 1132 3153 3154 3155
1109 1128 1130
1110 1111 1128 1130
1110 1112 1131 1132
1110 1111 1125
1113 1115 1131 1133 1134 1135
1113 1114 1115
1113 1114 1134 1135 1136
1119 1120 1122 1123
1119 1121 1125 1126
1122 1123 1124
1140 1155
1140 1147 1149 3592 3599 3600
1140 1141 1142 1143 3561 3562 3564
1140 1147 1149 1152 1154 1155 1157 3153 3157 3158 3181 3183
1140 1155 1157 3515 3519 3520
1140 1144 1145 1146 1152 1154 1810 1838 1839
1140 1152 1153
1140 1152 1153 1996 2000 2002 2015 2017 2018 2020
1140 1150 1151
1140 1155 1156 1157
1140 1164 1166
1140 1150 1151
1140 1158 1160
1140 1164 1165 1166
1140 1141 1142
1140 1141 1142 1144 1146 3515 3537 3538
1140 1167 1168
1140 1150
1140 1152 1154 1155 1157 1167 1168 1996 2000 2001 2021 2022
1140 1158 1160
1140 1141 1142 1158 1160
1140 1144 1146
1140 1164 1165 1166 3153 3157 3158
1140 1147 1148
1140 1147 1149
1140 1144 1146 1161 1162 1167 1169 3592 3616 3617
1141 1143 1144 1145 1161 1163
1141 1143 1161 1162
1144 1145 1146
1147 1148 1149
1150 1151 1152 1153
1152 1153 1155 1156 1167 1169
1152 1154 1155 1156
1155 1156 1157
1158 1159 1160
1161 1162 1163
1170 1171 1172 1183 1184 1186 1187 1722 1741 1742
1170 1171 1173
1170 1195 1196
1170 1198 1200
1170 1186 1188
1170 1183 1722 1750 1752 2575 2597 2599
1170 1174 1176 1192 1193 2575 2597 2598
1170 1186 3662 3665 3667
1170 1186 1187
1170 1186 1188
1170 1177 1179 3124 3131 3133 3147 3149
1170 1198 1200 3662 3665 3666
1170 1195 1196 1722 1735 1736 1738 1740
1170 1180 1182 1183 1184
1170 1186 1188
1170 1174 1175 1201 1220 1221 2759 2766 2768 2786 2787
1170 1183 1185
1170 1183 2575 2597 2598
1170 1177 1179 2575 2603 2605
1170 1189 1190 1191
1170 1186 1187 2058 2062 2063 2759 2766 2767 2768
1170 1189 1190 1201 1202 1204 2759 2769 2770
1170 1183 1185 1186 1187
1170 1180 1182
1170 1186 1187
1171 1172 1189 1191
1171 1173 1192 1193
1171 1173 1174 1175 1176
1174 1176 1177 1178 1179 1192 1194
1174 1175 1192 1193 1194
1177 1178 1195 1197
1177 1179 1198 1199
1180 1181 1182 1198 1199
1180 1181 1182 1198 1200
1183 1189 1190
1183 1192 1194
1195 1196 1197
1201 1223 1224
1201 1205 1206 1207 1223 1224 2759 2786 2787
1201 1229 1231
1201 1214 1216 2575 2594 2596
1201 1223 1224
1201 1208 1210
1201 1202 1203 2759 2775 2777
1201 1223 1225 2759 2784
1201 1202 1203 1223 1224
1201 1211 1213
1201 1226 1227 1228 2390 2391 2392
1201 1202 1203 2759 2775 2776 2777
1201 1220 1222
1201 1202 1203
1201 1202 1204 2759 2772 2774 2775 2776
1201 1217 1219 1229 1231 1722 1723 1724 2575 2594 2595
1201 1214 1215 1216 1722 1738 1739 1740
1201 1220 1222 2759 2786 2788
1201 1226 1227 2058 2077 2079 2390 2418 2420
1201 1226 1228
1201 1205 1206 1217 1219 1226 1228 3095 3105 3106
1201 1208 1210 3215 3225 3227
1201 1211 1212
1201 1205 1206
1201 1217 1219 1722 1741 1743 2759 2772 2773
1201 1202 1203 1220 1222
1201 1217 1219
1201 1220 1221 1222 2759 2769 2770
1201 1226 1227
1201 1211 1213 1214 1215 2390 2412 2414 2575 2588 2589
1202 1204 1223 1224
1205 1207 1226 1227
1208 1209 1226 1228
1208 1210 1223 1225 1229 1230 1231
1208 1210 1229 1230
1208 1209 1214 1216 1217 1218
1211 1212 1213
1217 1218 1219
1226 1227 1228
1232 1239 1240 1257
1232 1251 1253 3095 3096 3097 3099 3100 3118 3119
1232 1251 1252
1232 1242
1232 1248 1250 1354 1355 1356 1357 1358 1359
1232 1242 1243
1232 1259 1260 1261
1232 1254 1255 1256
1232 1245 1246 1247 1248 1249
1232 1245 1246 1354 1373 1374
1232 1251 1252
1232 1257
1232 1245 1246 1247
1232 1239 1241 1245 1354 1361 1363
1232 1245 1259 1261 1354 1373 1375
1232 1251 1252
1232 1248 1257 1258
1232 1233 1235 1251 1253 3095 3096 3097 3098
1232 1239 1241
1232 1251 1253 3095 3096 3097
1232 1248
1232 1248 1250 1259 1261
1232 1259 1260
1232 1259 1260 1354 1373 1375
1233 1234 1251 1253
1233 1234 1235 1242
1233 1235 1236 1238 1254 1255
1236 1237 1248 1254 1256
1236 1237 1238
1236 1237 1251 1252 1253 1254 1255
1236 1238 1248
1239 1240 1241
1239 1240 1257 1258
1242 1244 1245 1246
1242 1243 1244 1245
1248 1249 1250
1262 1271 1273 1274 1275 1277 1279
1262 1280 1282
1262 1277 1280 1281 2789 2790 2791
1262 1268 1269 1286 1288
1262 1263 1264 2451 2452 2454
1262 1268 1269 1289 1291 3095 3099 3101
1262 1286 1287 1288 3095 3102 3104
1262 1274 1276 1277 1278
1262 1283 1285
1262 1263 1265 1934 1959 1960 2911 2918 2920 2942 2946 2948
1262 1277 1278 1279
1262 1268 1270 1289 1290
1262 1268 1270
1262 1274 1275 1277 1279 1416 1437 1439
1262 1277 1283 1284 3396 3421 3423
1262 1266
1262 1266 1267
1262 1280 1281 1446 1450 1451 1468 1470
1262 1280 1281
1262 1274 1275
1263 1265 1277
1263 1264 1265 1283 1284
1263 1264 1280 1282
1266 1267 1286 1287
1271 1272 1273
1271 1273 1289 1290
1271 1273 1274 1275 1276
1271 1272 1289 1290 1291
1274 1275 1276 1277 1279
1283 1285 1289 1290
1292 1302 1304 1305 1307 2880 2881 2882 2884 2885 2899 2900 2908 2909
1292 1302 1303 1304 2880 2881 2882 2899 2900
1292 1314 1316 3672
1292 1293 1295
1292 1311 1313
1292 1293 1294 1311 1313 3640 3646 3648
1292 1305 1307
1292 1296 1298 1302 1303 2880 2887 2889
1292 1293 1294 1305 1306
1292 1308 1310
1292 1296 1297
1292 1308 1309 1311 1312
1292 1308 1310 3184 3200 3201
1292 1308 1310
1292 1311 1313
1292 1311 1313
1293 1295 1308 1309 1310
1296 1297 1299 1301 1302 1304 1320 1321
1296 1297 1298 1317 1318 1320 1321
1299 1300 1317 1319
1299 1301 1320 1321 1322
1299 1300 1301 1317 1318
1302 1303 1320 1321
1302 1303 1320 1322
1305 1306 1307
1305 1307 1308 1309
1314 1316 1320 1322
1314 1315 1316
1323 1333 1335 1336 1337 1598 1611 1612
1323 1324 1325 1326 1342 1343 1345 1346 1348 1350 1598 1620 1621
1323 1339 1341 3306 3322 3324
1323 1339
1323 1330 1332 1348 1349
1323 1324 1325 1342 1344
1323 1324 1325 1342 1343
1323 1327 1329 1348 1349
1323 1342 1344
1323 1333 1334 1351 1353
1323 1339 1341
1323 1339 1340 1341
1323 1345 1347
1323 1327 1328 3451 3478 3479
1323 1336 1337 1339 1598 1614 1616
1323 1324 1326 1598 1617 1618
1323 1336 1338
1323 1345 1346 1934 1941 1942 1959 1961 2728 2744 2746
1323 1348 1350 2513 2523 2524 2525 2541 2543
1323 1333 1335 1339 3451 3467 3469
1323 1345 1347
1323 1333 1334 1336 1337
1324 1326 1330 1332 1348 1350
1327 1328 1329
1327 1328 1345 1347
1330 1331 1342 1343
1330 1331 1348 1350
1330 1331 1332
1330 1332 1351 1352
1333 1334 1351 1352 1353
1345 1346 1347
1354 1370 1371
1354 1382 1384 1903 1916 1917
1354 1364 1365
1354 1370 1371
1354 1367 1368
1355 1356 1357 1373 1375
1355 1357 1364 1366 1382 1383
1355 1356 1373 1375
1358 1360 1379 1380
1358 1359 1364 1365 1373 1374 1379 1380
1358 1359 1376 1378
1361 1362 1363 1379 1381
1361 1363 1379 1381
1361 1363 1364 1365 1382 1383 1384
1364 1365 1366 1376 1377 1382 1384
1364 1365 1366
1367 1368 1369
1370 1371 1372
1376 1377 1378
1385 1386 1387 1388 3184 3197 3199
1385 1401 1402 2089 2114 2116 2149 2150 2151
1385 1395 1397 2149 2171 2172
1385 1398 1399 3396 3400 3401
1385 1401 1403 3184 3188 3189
1385 1386 1388
1385 1407 1408
1385 1395 1396 1401 1403
1385 1392 1393 1395 1397 1413 1415
1385 1389 1390
1385 1407 1408
1385 1392 1393 1413 1415
1385 1386 1387 1841 1842 1843 1848 1849 1863 1865
1385 1413 1414 1841 1848 1849 3622 3626 3627
1385 1395 1396
1385 1404 1405 2177 2181 2182 2202 2203
1385 1386 1388 1407 1408
1385 1410 1412 1413 1415 2149 2150 2151 2165 2167
1385 1401 1403 3396 3415 3416 3417
1385 1407 1409
1385 1389 1391 1410 1411
1385 1404 1406 1841 1869 1871
1385 1401 3396 3412 3413
1385 1386 1387 1404 1406 1841 1845 1847
1385 1389 1391
1385 1398 1400
1385 1401 1403
1389 1390 1401 1410 1411
1389 1390 1391 1392 1393 1394
1389 1391 1392 1393 1407 1409 1410 1412
1392 1394 1398 1400 1401 1402
1392 1394 1413 1414
1392 1393 1401 1402 1403
1395 1396 1397
1395 1397 1398 1399 1400 1410 1412
1404 1405 1406
1407 1408 1409
1410 1411 1412
1413 1414 1415
1416 1425 1426
1416 1417 1418 3488 3489 3490 3492 3494
1416 1422 1423 1431 1433
1416 1419 1420 1437 1439 3488 3492 3493 3507 3508
1416 1431 1432 1433
1416 1440 1442
1416 1417 1434 1436
1416 1434 1435 2942 2970 2971 2972
1416 1417 1431
1416 1443 1445 2880 2887 2888 2889
1416 1417 1418 1431 1432
1416 1434 1435 2942 2952 2953
1416 1428 1430 1440 1442
1416 1425 1426 1443 1445 3488 3492 3494
1417 1418 1437 1438
1419 1421 1425 1427 1428 1429
1419 1420 1437 1438 1439
1419 1420 1421
1419 1420 1437 1438
1422 1424 1443 1444
1422 1423 1424
1422 1424 1428 1430 1431 1433
1425 1427 1437 1439 1443 1444
1425 1426 1427
1428 1429 1430
1431 1433 1440 1442
1431 1440 1441
1434 1435 1436
1440 1441 1442
1446 1450 1451 2789 2806 2807
1446 1459 1460 3245 3264 3266
1446 1471 1472
1446 1468 1469
1446 1453 1454 1462 1464 1872 1891 1892
1446 1459 2789 2790 2792
1446 1462 1464 1474 1476
1446 1459 1461 1462 1464
1446 1462 2789 2793 2794
1446 1471 1473
1446 1447 1448 1449
1446 1465 1466
1446 1459 1461 3245 3255 3256
1446 1465 1466 2789 2799 2801 2815 2817
1446 1468 1470
1446 1474 1476
1446 1462 1464
1447 1449 1468 1469
1447 1448 1459
1450 1451 1452
1450 1452 1459 1461 1471 1472
1453 1454 1471 1473
1456 1457 1458 1459 1460
1456 1458 1462 1474 1475
1456 1458 1459 1465 1467
1456 1457 1474 1476
1459 1460 1461
1462 1463
1462 1474 1475
1465 1466 1467
1468 1469 1470
1477 1505 1506 1507
1477 1502 1504
1477 1481 1482
1477 1493 1495
1477 1481 1483
1477 1481 1483 1502 1504
1477 1490 1492
1477 1496 1497
1477 1496 1498 2149 2156 2157
1477 1478 1480 1496 1498 3184 3209 3210
1477 1478 1479
1477 1502 1503
1477 1487 1489 1490 1491
1477 1490 1491 1493 1495
1477 1490 1492 1493 1495
1477 1505 1507
1477 1484 1486
1478 1479 1481 1483 1487 1488 1499 1501
1478 1480 1487 1489 1499 1500
1481 1482 1502 1503 1504
1484 1486 1505 1506
1484 1485 1487 1488 1489 1505 1507
1484 1485 1502 1504
1487 1489 1490 1491
1487 1488 1505 1506 1507
1490 1492 1493 1494
1493 1494 1495
1496 1497 1498
1499 1500 1501
1508 1515 1516 1518 1519 1520
1508 1530 1532 2421 2445 2446
1508 1524 1525 1530 1532
1508 1527 1528
1508 1521 1522 1523 2119 2131 2132
1508 1527 1529 2119 2126
1508 1524 1526 2421 2436 2437
1508 1509 1511 1530 1531 3649 3655 3657
1508 1521 1523 1524 1525 1526
1508 1527 1528
1508 1530 1531 1532
1508 1512 1513 2421 2430 2432
1508 1518 1520 1524 1526 2421 2433 2434 2436 2437
1508 1515 1517
1508 1524 1525 1526
1508 1515 1516
1508 1527 1528 1529 2119 2143 2144
1508 1509 1511 1521 1523 1533 1535 2119 2128 2129 2130
1508 1509 1510 1527 1529 2119 2123 2124
1508 1515 1517 1518 1520 1524 1525 2421 2436 2437 2438
1508 1509 1510
1508 1515 1516 1517
1508 1524 2119 2134 2136
1509 1510 1511
1512 1514 1533 1534
1518 1520 1524 1526
1518 1519
1524 1530 1531
1527 1528 1533 1534 1535
1536 1561 1563 2421 2439 2441
1536 1549 1551 1552 1553 1554
1536 1546 1547 1549 1550
1536 1552 1553
1536 1558 1560 2421 2424 2425
1536 1549
1536 1540 1541 2119 2134 2136
1536 1543 1545 2421 2422
1536 1552 1554
1536 1540 1542 1543 1544 2421 2422 2423 2442 2443
1536 1558 1559
1536 1558 1560 3337 3353 3354
1536 1555 1556 3306 3331 3333
1536 1540 1541
1536 1537 1538 1558 1560
1536 1537 1538 1539
1536 1552 1554
1536 1558 1560 1561 1562 3306 3331 3333
1536 1555 1557
1536 1561 1562
1536 1537 1539 1552 1553 2239 2255 2256
1536 1546 1548 1552 1554
1536 1537 1539 2421 2422 2423
1536 1546 1547
1536 1561 1562 2421 2439 2441
1536 1549 1550 1551 3658 3659 3661
1536 1552 1553
1537 1539 1558 1559
1540 1541 1542 1555 1557
1540 1542 1546 1547 1564 1566
1543 1544 1564 1566
1543 1545 1564 1565
1543 1544 1561 1562
1546 1547 1552
1546 1548 1552
1549 1555 1556 1558 1559 1564 1566
1555 1556 1557
1561 1563 1564 1565 1566
1567 1586 1587 1903 1913 1915 1919 1920
1567 1583 1585
1567 1580 1581 1583
1567 1583 1585
1567 1589 1590
1567 1568 1570 1574 1576
1567 1571 1572
1567 1580 1582
1567 1571 1572
1567 1577 1579 1595 1597
1567 1574 1575 1576
1567 1583 1585
1567 1571 1573
1567 1586 1588 1903 1931 1932 1933
1567 1583 1584 1585
1567 1577 1578
1567 1583 1584
1567 1589 1591
1567 1571 1572 1589 1591
1567 1586 1588 3064 3068 3070
1567 1595 1597
1567 1568 1569 1570 3488 3501 3503
1567 1577 1579
1567 1571 1572
1567 1586 1588 1903 1931 1933
1568 1569 1586 1588
1571 1572 1577 1579 1580 1581
1571 1573 1583
1574 1575 1592 1594 1595 1596
1574 1576 1595 1596
1577 1578 1583
1577 1578 1579
1580 1581 1582 1583
1586 1587 1588
1589 1590 1592 1593 1595 1596
1598 1602 1603
1598 1623 1624
1598 1608 1610 1623 1625
1598 1617 1619 3451 3467 3469
1598 1605 1607
1598 1614 1615
1598 1599 1601
1598 1599 1600
1598 1611 1613
1598 1623 1625
1598 1608 1609 1611 1612 1613
1598 1623 1624 1625
1598 1605 1606 1608 1609
1598 1599 1600
1598 1599 1600 1601 1620 1622
1598 1602 1604
1598 1620 1621
1598 1617 1618
1598 1599 1600 1601
1598 1605 1606
1599 1601 1620 1621 1622
1605 1607 1626 1627 1628
1608 1610 1614 1616
1608 1609 1626 1628
1611 1613 1614 1616
1614 1615 1616
1617 1618 1619
1629 1630 1631 1648 1650 3637 3638 3639
1629 1630 1631 1632 2668 2694 2695
1629 1657 1659 3124 3139 3140
1629 1654 1655
1629 1636 1637 1638
1629 1645 1647 2329 2336 2337 2345 2346
1629 1651 1652 1691 1716 1717 3451 3452 3453
1629 1642 1644 1645 1646 2329 2336 2337
1629 1648 1649 1660 1670 1671 3637 3638 3639
1629 1645 2360 2382 2384
1629 1645 2360 2382 2384
1629 1642 1644 2329 2345 2347
1629 1645 1647
1629 1633 1634 1651 1653
1629 1654 1656 2973 2988 2989
1629 1639 1641 1642 1643 2973 2985 2986 2988 2990
1629 1651 1652 2668 2694 2696
1629 1654 1655 1691 1698 1700
1629 1642 1643 2329 2339 2341 2345 2346
1629 1645 1647
1630 1632 1651 1652
1633 1635 1639 1640 1641 1645
1633 1634 1635
1636 1638 1657 1658
1636 1637 1654 1656
1636 1638 1657 1658 1659
1639 1640 1657 1658 1659
1642 1643 1644
1645 1646 1647
1645 1654 1655 1656
1648 1649 1650
1651 1652 1653
1660 1661 1663 1673 1675
1660 1661 1663 3124 3139
1660 1661 1662 2668 2691 2692 2693
1660 1685 1687 2027 2046 2048 2049 2051
1660 1673 1674 2668 2674 2676
1660 1688 1690 1691 1701 1702 1719 1720
1660 1688 1689 2329 2345 2346 2347
1660 1661 1662 1664 1665
1660 1667 1668 1688 1689 2329 2342 2343
1660 1679 1681 3637 3638 3639
1660 1679 1680
1660 1676 1678
1660 1679 1680 3124 3137 3139
1661 1662 1663 1682 1683
1664 1665 1667 1668 1685 1686
1664 1665 1682 1684
1664 1666 1682 1683 1684
1664 1666 1685 1687
1667 1669 1685 1687
1667 1668 1669 1688 1690
1670 1672 1676 1678 1679 1681
1670 1671 1672
1673 1674 1688 1689 1690
1673 1675 1676 1677
1673 1675 1688 1690
1673 1674 1676 1678
1676 1677 1678
1685 1686 1687
1691 1692 1694 1710 1711
1691 1710 1712 3592 3613 3614
1691 1710 1712
1691 1713 1715 2027 2028 2029 2031 2033 2049 2050
1691 1710 1711 3451 3470 3471
1691 1707 1716 1718 3451 3470 3472
1691 1704 1705
1691 1701 1703
1691 1701 1702
1691 1719 1720
1691 1695 1697 1716 1717 3561 3580 3581
1691 1695 1696 1707 1709
1691 1710 1711 2027 2037 2038
1691 1719 1721
1691 1713 1714
1691 1695 1696 3451 3455 3456
1691 1698 1700 2360 2361 2363
1691 1710 1712
1691 1707 1779 1783 1785
1691 1695 1697
1691 1698 1699 1716 1717 1718 3451 3470 3471
1692 1693 1710 1712
1692 1693 1694 1698 1699 1713 1714
1695 1696 1697
1695 1696 1713 1715
1698 1699 1700 1719 1720
1698 1699 1716 1718
1701 1703 1704 1706 1707 1708
1701 1702 1703
1701 1702 1719 1721
1704 1705 1706
1707 1708 1709
1722 1744 1745 2575 2585 2586
1722 1723 1725
1722 1726 1728
1722 1729 1731
1722 1723 1724
1722 1744 1745 2390 2415 2416
1722 1726 1728 1744 1746 1747 1748 2575 2585 2586
1722 1732 1733 2575 2603 2605
1722 1735 1737
1722 1726 1727 1729 1730
1722 1732 1733 2390 2394 2395
1722 1741 1743 2575 2594 2595
1722 1738 1740
1722 1735 1737 1738 1739
1722 1750 1751 1752 2575 2585 2586
1722 1726 1728 1738 1744 1746 2575 2585 2586
1722 1738 2575 2603 2604
1722 1738 1740 2575 2603 2604
1722 1732 1734 1735 1736 2575 2603 2605
1722 1741 1742 2575 2585 2587
1722 1747 1748
1722 1741 1742 2270 2289 2291 2575 2582 2584
1722 1723 1725
1722 1726 1727
1723 1724 1725 1744 1745
1723 1724 1741 1743
1726 1728 1732 1733 1750 1752
1729 1730 1731 1750 1751
1732 1733 1734
1738 1747 1749 1750 1751
1738 1744 1745
1738 1739 1740
1741 1742 1744 1745
1747 1748 1749
1753 1754 1755
1753 1770 1772 2208 2209 2211
1753 1758 1759 1773 1775
1753 1770 1772
1753 1767 1769
1753 1756 1764 1766
1753 1754
1753 1770 1771
1753 1770 1772
1753 1767 1768
1753 1756 1757
1753
1753
1753
1753 1761 1763 1764 1766
1753 1773 1774
1753 1767 1769 1770 1771 1772
1753 1767 1768
1753 1773 1774 3095 3111
1753 1764 1766
1753 1756
1753 1754 1755 1770 1771
1753 1767 1769
1753 1767 1769
1753 1754 1755
1753
1753 1767 1768
1756 1757 1770 1772
1758 1759 1760
1761 1762 1763
1761 1763 1776 1778
1761 1762 1776 1777 1778
1764 1765 1766
1767 1768 1769
1773 1774 1775
1779 1792 1794
1779 1792 1798 1799 3561 3565 3566
1779 1795 1798 1799 2329 2348 2350 3561 3562 3563
1779 1798 1800
1779 1795 1797 1807 1809
1779 1783 1785
1779 1792 3561 3586 3587
1779 1804 1805
1779 1780 1781
1779 1795 1797 1807 1808
1779 1789 1790
1779 1780 1781 1783 1784
1779 1780 1781 1782
1779 1780 1782 1801 1802
1779 1783 1784 1801 1802
1779 1804 1805
1779 1783 1785
1779 1792 1795 3561 3586 3588
1779 1804 1806
1779 1792 1793 1795 1797
1779 1792 1793 1795 2360 2387 2389
1779 1789 1790
1779 1783 1784 1801 1802 1804 1806
1779 1786 1787 1788 3124 3139 3140
1779 1792 2360 2373 2374
1779 1783 1785 1786 1787 1798 1800 3561 3580 3582
1779 1789 1790
1779 1786 1788 1795 1796 1804 1806 1807 1809
1783 1784 1801 1803
1786 1788 1807 1808
1789 1790 1791 1792 1793
1792 1794 1795 1796 1797
1795 1796 1797
1801 1802 1803
1804 1805 1806
1807 1808 1809
1810 1823 1825
1810 1829 1831
1810 1832 1833
1810 1820 1821 2697 2701 2703
1810 1817 1819
1810 1826 1827 1828
1810 1811 1812 2697 2716 2718
1810 1832 1834
1810 1820 1821
1810 1835 1837
1810 1835 1836 3662 3665 3667
1810 1826 1827
1810 1823 1824 1825
1810 1826 1828
1810 1829 1830
1810 1817 1818
1810 1811 1813 2697 2707 2709 2719 2720
1810 1832 1833 1834
1810 1811 1812 1813
1810 1835 1836 1837
1810 1814 1816
1810 1814 1816
1810 1817 1818 1838 1839
1810 1820 1822 2697 2719 2721
1810 1811 1812 2697 2716 2717 2719 2720
1811 1812 1829 1831
1814 1815 1829 1830 1832 1834
1814 1815 1816
1814 1816 1835 1836
1817 1819 1838 1839
1820 1821 1822
1820 1822 1823 1824 1838 1840
1823 1824 1826
1826 1838 1839
1826 1835 1837
1826 1838 1840
1841 1848 1850
1841 1857 1858 1859
1841 1842 1843
1841 1842 1844
1841 1860 1862
1841 1860 1861 3184 3194 3195 3212 3214
1841 1860 1862 1863 1865 3515 3543 3545
1841 1842 1844 1863 1864
1841 1845 1846 2177 2181 2182
1841 1851 1852
1841 1851 1853 1854 1856
1841 1860 1861 3515 3540 3542
1841 1851 1852 1869 1870
1841 1842 1843
1841 1863 1864 1866 1868 3515 3522 3524
1841 1842 1843
1842 1844 1866 1867 1868
1842 1843 1857
1845 1846 1847
1845 1847 1863 1865 1866 1867
1848 1850 1869 1870 1871
1848 1849 1866 1868
1851 1852 1869 1871
1851 1852 1853
1854 1856 1857 1858 1869 1871
1857 1860 1861
1860 1862 1866 1868
1863 1864 1865
1872 1882 1884 1888 1890
1872 1873 1875
1872 1879 1881 1894 1896
1872 1885 1886 1888 1890 2208 2221 2223
1872 1882 1883
1872 1873 1874 1894 1895
1872 1897 1899
1872 1876 1877
1872 1894 1896 2849 2853 2854
1872 1879 1880 1894 1896
1872 1873 1874
1872 1885 1886
1872 1876 1878 1879 1881 1897 1898
1872 1894 1895
1872 1882 1884 2239 2246 2247 2264 2266
1872 1888 1890
1872 1885 1887 1900 1902 2818 2825 2827
1873 1874 1875 1894 1895 1896
1876 1877 1878
1879 1881 1900 1901
1882 1883 1897 1898
1882 1883 1888 1890
1885 1887 1888 1889
1888 1889 1890
1891 1892 1893 1897 1899
1900 1901 1902
1903 1904 1906
1903 1904 1905 1907 1908 1925 1927
1903 1910 1912
1903 1913 1914
1903 1913 1914 1915
1903 1925 1926
1903 1916 3033 3052 3053
1903 1910 1911
1903 1922 1924 1934 1944 1946 1959 1960
1903 1931 1932
1903 1919 1921
1903 1916 1917
1903 1922 1923
1903 1916 1918
1903 1907 1908
1903 1919 1921
1903 1922 1923 1934 1950 1951 1952
1903 1925 1926 1927
1903 1910 1912
1904 1905 1922 1923 1924
1904 1905 1916
1907 1909 1919 1928 1930
1907 1908 1909 1928 1929
1910 1911 1928 1929 1930
1910 1911 1912
1916 1917 1919 1921
1916 1918 1919 1920
1919 1928 1929
1919 1920 1921
1934 1935 1936
1934 1947 1949 1950 1952 2239 2240 2242
1934 1944 1945 1962 1964
1934 1941 1942 1943 3033 3055 3057
1934 1938 1940
1934 1935 1937 1938 1939 1956 1957 3546 3549 3551
1934 1962 1963 1964
1934 1944 1945 2239 2264 2265
1934 1941 1943 1962 1963 2728 2747 2749
1934 1941 1943 2728 2744 2746
1934 1953 1955 3033 3034 3036
1934 1935 1937 2451 2470 2472 3546 3549 3550
1934 1953 1955
1934 1935 1936 2728 2738 2739 2756 2758 3033 3046 3047
1934 1944 1945 1946 1947 1948 2239 2243 2244 3033 3058 3059
1934 1950 1952 2239 2243 2244 2245 2264 2265
1934 1935 1936 1941 1942
1934 1947 1949 1950 1952 2239 2243 2245
1934 1938 1939 1940
1934 1938 1940 1959 1960 3546 3552 3554
1934 1956 1957
1934 1938 1939 1956 1958 3546 3552 3553
1934 1935 1936 1953 1954 3033 3058 3060
1934 1959 1961
1935 1936 1953 1955
1944 1945 1946
1947 1948 1950 1951 1952
1947 1948 1949
1953 1954 1955
1956 1957 1958
1965 1972 1974
1965 1975 1977
1965 1969 1971 1990 1991 2482 2498 2500
1965 1984 1986 2513 2532 2533
1965 1975 1977 2513 2526 2527
1965 1984 1985 2513 2514 2515
1965 1981 1982 1983
1965 1984 1985 1986 2482 2492 2494
1965 1984 1985 1986
1965 1987 1988
1965 1990 1992
1965 1993 1994
1965 1975 1977 2513 2529 2530 2531
1965 1972 1974 1990 1992
1965 1993 1994
1965 1972 1973 2482 2489 2490 2501 2503
1965 1981 1983
1965 1966 1967
1965 1984 1985 3215 3216 3217
1965 1978 3215 3233 3235
1965 1966 1967 1987 1988 1989 2513 2514 2515
1965 1978 1979 1980 1981 1982 1983
1965 1975 1976
1965 1966 1968
1966 1967 1984 1986
1966 1968 1978
1966 1967 1990 1991 1992
1966 1968 1987 1988
1969 1970 1971 1987 1989
1972 1973 1974
1978 1980 1981
1981 1993 1995
1981 1993 1994
1996 2006 2007 2008
1996 2024 2025
1996 2009 2011 2021 2022
1996 2006 2008
1996 2015 2017 2018 2019
1996 2012 2014
1996 2009 2010 2024 2026
1996 2006 2007
1996 1997 1998 1999
1996 2012 2013 2014
1996 2024 2025
1996 2015 2017
1996 1997 1998 2015 2016
1996 1997 1999 2018 2019
1996 2015 2016 2544 2560 2561 2562
1996 2015 2016 2544 2572 2574
1997 1999 2015 2017 2018 2019
1997 1998 2018 2019 2020
2000 2001 2018 2020
2000 2002 2024 2026
2003 2005 2012
2003 2004 2005 2021 2023
2003 2004 2021 2023
2006 2008 2012 2013 2014
2006 2007 2008 2012 2013
2009 2010 2011
2009 2011 2012 2014
2012 2024 2026
2012 2014 2024 2025
2027 2046 2048 3215 3242 3243
2027 2028 2029 2030 2055 2057 3124 3144 3146
2027 2052 2053
2027 2049 2050
2027 2031 2032
2027 2028 2029 2973 2982 2983 2985 2987
2027 2055 2056
2027 2034 2035 3124 3137
2027 2046 2047 2048 2973 2991 2993
2027 2046 2047 3215 3225 3226
2027 2046 2047 3215 3239 3241
2027 2043 2045 3678 3679 3680
2027 2043 2973 3000 3002
2027 2046 2047
2027 2034 2035 2055 2057 2973 2988 2990
2027 2034 2036
2027 2043 2045
2027 2043 2044 2045
2027 2034 2035 2052 2054
2027 2040 2041 2043 2044
2027 2052 2054
2028 2030 2043 2055 2056
2031 2032 2033
2031 2033 2052 2053
2034 2035 2043
2034 2036 2043
2034 2036 2055 2056
2040 2042 2043 2045
2043 2045 2049 2051 2052 2053
2055 2056 2057
2058 2077 2078 2079 2390 2397 2398 2400 2401 2402
2058 2074 2075 2083 2085
2058 2071 3662 3665 3666
2058 2059 2060 2077 2079 2390 2391 2392
2058 2071 2073 2074 2075
2058 2065 2067
2058 2071 2072 2074 2076
2058 2077 2078 2390 2406 2407 2408
2058 2080 2082
2058 2086 2087
2058 2068 2070 2074 2076 3095 3105 3106 3121 3123
2058 2059 2061 2074 2076
2058 2074 3095 3105 3107
2058 2071 2073 3095 3121 3123
2058 2059 2061 3662 3663 3664
2058 2080 2082 2759 2769 2771
2058 2062 2064 2080 2081 2390 2409 2411
2058 2068 2759 2784 2785
2058 2065 2066
2058 2059 2060 2061 2759 2786 2787
2058 2071 2073 2575 2594 2595 3095 3121 3122 3123
2058 2074
2058 2068 2070 2071 3095 3105 3107 3108 3109
2059 2061 2071
2062 2063 2064
2062 2064 2083 2084 2085
2062 2064 2080 2082
2062 2063 2068 2070 2071 2072 2074 2076
2062 2063 2074
2065 2066 2086 2087 2088
2065 2066 2067 2071
2065 2067 2068 2069 2080 2082
2068 2069 2070
2068 2069 2086 2088
2071 2072 2073
2074 2083 2084
2074 2075 2076
2089 2102 2103
2089 2105 2107
2089 2093 2094 2095 2114 2115
2089 2096 2098
2089 2117 2118
2089 2108 2110
2089 2099 2100
2089 2114 2116 3276 3280 3281 3297 3299
2089 2099 2100
2089 2099 2100
2089 2096 2098 2117
2089 2090 2091 3276 3297 3298
2089 2090 2091 2108 2109 3184 3188 3189 3190
2089 2096 2098
2089 2096 2097
2089 2114 2116
2089 2105 2107
2089 2105 2106 2107
2089 2105 3276 3297 3299
2089 2117 2118
2089 2093 2094 2111 2112 2113 2149 2162 2163 2171 2172
2089 2108 2109 3184 3209 3210
2089 2093 2095
2089 2096 2097
2089 2093 2094
2089 2093 2094
2089 2090 2092
2089 2096 2097 2117 2118
2090 2092 2108 2110 2111 2112
2090 2091 2092
2090 2091 2108 2110
2096 2097 2114 2116
2096 2098 2105
2096 2097 2114 2115
2099 2101 2102 2103 2104
2102 2103 2104
2119 2137 2138
2119 2143 2145
2119 2123 2125 2126 2127
2119 2120 2122
2119 2128 2130 2131 2132
2119 2134 2136 2140 2142
2119 2143 2145
2119 2131 2133 2134 2135
2119 2140 2141
2119 2128 2129
2119 2140 2141 2142
2119 2134 2137 2139 3649 3655 3657
2119 2134 2135 2136
2119 2128 2130 3124 3147 3148
2119 2137 2138 2139
2119 2126 2127 2143 2145
2119 2146 2147
2120 2122 2140 2142
2120 2121 2134
2123 2125 2134 2143 2144 2146 2148
2123 2125 2143 2144
2123 2124 2125
2126 2127 2140 2142 2146 2148
2126 2127 2143 2144
2128 2129 2130
2131 2132 2133
2134 2136 2146 2147 2148
2134 2140 2141
2149 2162 2164
2149
2149 2171 2173 3184 3197 3198
2149 2156 2158 2159 2161 3184 3200 3202
2149 2162 2164
2149 2165 2167 3396 3415 3417
2149 2159 2160
2149 2153 2155
2149 2159 2161
2149 2165 2166
2149 2156 2157
2149 2156 2157 2159 2160
2149 2159 2160
2149 2165 2166 3396 3400 3401
2149 2168 2169 2170
2149 2159 2160 2161
2149 2156 2158
2149 2168 2169
2149 2153 2154
2149 2168 2169
2149 2150 2152
2149 2153 2154 2155 2174 2175
2149
2149 2171 2173
2149 2165 2167
2150 2151 2152
2150 2152 2153 2154 2162 2164 2171 2172
2153 2155 2174 2175
2153 2154 2171 2173
2156 2158 2159 2161 2162 2164
2162 2163 2174 2175 2176
2162 2163 2164
2165 2166 2167
2168 2170 2171 2172
2174 2175 2176
2177 2190 2192 2193 2194 2195 2205 2207
2177 2199 2200
2177 2181 2183 2202 2204
2177 2181 2182
2177 2184 2186 2202 2203 3515 3528 3529
2177 2190 2191 3184 3185 3186
2177 2193 2195 3184 3203 3204
2177 2199 2201
2177 2181 2182
2177 2193 2194 2202 2203 3515 3531 3533
2177 2184 2185
2177 2181 2183
2177 2193 2195 2199 2200 3515 3531 3533
2177 2196 2197 3184 3185 3187
2177 2205 2206
2178 2179 2196 2197 2198
2178 2179 2180
2178 2180 2193 2195
2178 2179 2196 2198
2184 2185 2186
2184 2185 2199 2201 2202 2204
2184 2185 2202 2203 2205 2206
2184 2186 2187 2188 2202 2204
2187 2188 2189
2187 2188 2205 2207
2187 2189 2190 2191
2190 2192 2205 2206 2207
2190 2191 2192
2193 2199 2200 2201
2208 2221 2222
2208 2209 2211 2215 2217
2208 2236 2237
2208 2218 2220 2224 2226 2236 2238
2208 2221 2223
2208 2230 2232
2208 2215 2217 2221 2222
2208 2227 2228
2208 2236 2237
2208 2224 2225 2226
2208 2227 2228 2789 2809 2810
2208 2218 2220 2818 2822 2823
2208 2209 2210 2211 3672 3675 3676
2208 2218 2219 2220 2236 2237
2208 2233 2234
2208 2230 2231 2789 2809 2811
2208 2218 2219
2208 2224 2226 2227 2228
2208 2236 2238
2209 2210 2227 2229
2212 2213 2215 2216 2233 2235
2212 2214 2215 2216 2230 2231
2212 2213 2230 2232
2212 2213 2214
2212 2214 2215 2216 2224 2226
2215 2217 2218 2220 2224
2218 2219 2236 2238
2221 2222 2223 2224 2225 2226
2221 2223 2224 2225
2224 2227 2229
2233 2234 2235
2239 2255 2257
2239 2255 3033 3049 3050
2239 2264 2265
2239 2258 2260 2728 2738 2739 2741 2742
2239 2246 2247 2248
2239 2267 2268
2239 2252 2254
2239 2267 2268
2239 2255 2257
2239 2255 2257
2239 2252 2253
2239 2249 2250
2239 2240 2241 2258 2260 3033 3049 3051
2239 2252 2254
2239 2258 2259 2728 2741 2742
2239 2246 2248
2239 2261 2263
2239 2255 2257
2239 2243 2244
2239 2246 2248
2239 2240 2241 2243 2244 2261 2262 2728 2729 2730
2239 2249 2251 2252 2253
2239 2246 2247
2239 2252 2253
2240 2242 2261 2262
2243 2244 2255 2261 2263
2249 2250 2251 2267 2268
2249 2250 2267 2269
2252 2253 2254
2255 2256 2257
2258 2259 2260
2264 2265 2266
2270 2283 2284 3337 3356 3358
2270 2283 3306 3307 3308 3325 3327
2270 2289 2290 3306 3325 3326 3327
2270 2280 2282 2286 2288
2270 2271 2272 2277 2278 2279
2270 2286 2288 3649 3655 3656
2270 2295 2296
2270 2289 2291
2270 2289 2291
2270 2295 2296
2270
2270 2286 2288
2270 2271 2272
2270 2280 2281 2295 2297
2270 2280 2281 2286 2288 3337 3363 3364
2270 2277 2279
2270 2286 2287
2274 2275 2276
2274 2275 2289 2291
2274 2276 2292 2293
2277 2279 2289 2290
2277 2278 2292 2294
2277 2279 2280 2281
2283 2285 2286 2287
2283 2284 2286 2287
2283 2295 2297
2286 2287 2288
2292 2293 2294
2295 2296 2297
2298 2320 2321 3003 3004 3005
2298 2302 2304
2298 2314 2316 3064 3077 3079
2298 2314 2316
2298 2314 3306 3328 3330
2298 2302 2303 2305 2306 3003 3007 3009 3010
2298 2317 2319 3003 3021 3022
2298 2317 2318
2298 2317 2319 2482 2492 2493
2298 2314 2326 2328
2298 2323 2325
2298 2299 2300 2317 2319
2298 2308 2310
2298 2308 2309 2326 2328 3003 3021 3022
2298 2305 2307
2298 2299 2300 3003 3004 3005
2298 2308 2309
2298 2314 2315 2316
2299 2301 2320 2321
2299 2300 2314
2302 2304 2323 2324
2302 2303 2320 2322
2305 2307 2326 2327
2305 2306 2308 2310 2323 2324
2305 2306 2323 2325
2308 2309 2326 2328
2308 2310 2311 2312
2308 2309 2314 2316
2311 2312 2320 2321
2311 2313 2314 2315 2316
2311 2312 2313
2317 2318 2319
2326 2327 2328
2329 2342 2343
2329 2351 2352
2329 2351 2352
2329 2342 2344 2345
2329 2330 2331 3366 3367 3369
2329 2345 2347
2329 2351 2353 3366 3367 3369
2329 2336 2338
2329 2357 2358
2329 2339 2340 2357 2359
2329 2348 2349
2329 2336 2337
2329 2357 2359
2329 2333 2335
2329 2336 2338 2342
2329 2342 2344 2345 2347
2329 2330 2332
2329 2339 2340 2341
2329 2342 2344 2345 2347
2329 2354 2356 2357 2358
2330 2331 2348 2350
2330 2331 2332 2351 2352
2333 2334 2339
2333 2334 2335 2342
2339 2351 2353
2339 2340 2357 2359
2342 2345 2357 2358
2342 2343 2345
2342 2354 2355
2345 2357 2359
2348 2349 2350
2351 2352 2353
2354 2355 2356
2360 2376 2378
2360 2367 2368 2385 2386
2360 2361 2362
2360 2385 2386
2360 2379 2380 2381
2360 2370 2371
2360 2379 2381
2360 2361 2363 2382 2383
2360 2373 2375 2376 2377
2360 2367 2368 2385
2360 2385
2360 2361 2362 2376 2378
2360 2370 2371 2373 2374
2360 2370 2371
2360 2387 2389
2360 2373 2375
2364 2365 2366
2364 2366 2382 2383 2385 2386
2364 2365 2382 2384
2367 2368 2369
2367 2369 2387 2388
2370 2371 2376 2387 2388
2373 2374 2376 2378
2376 2387 2389
2376 2377 2378
2379 2380 2381
2390 2415 2416 2417
2390 2397 2399
2390 2400 2401 2402 2406 2408 2418 2420
2390 2394 2395
2390 2394 2396 2415 2416 2575 2591 2593
2390 2397 2399
2390 2412 2413 2759 2786 2788
2390 2400 2401
2390 2409 2410
2390 2394 2396 2409 2410 2575 2600 2602
2390 2394 2395 2396 2575 2582 2584
2390 2391 2393
2390 2391 2392 2397 2398 2412 2413 2415 2417
2391 2393 2412 2413
2394 2395 2412 2414
2400 2401 2402
2400 2401 2418 2420
2403 2404 2405
2403 2405 2406 2407
2406 2409 2411
2406 2415 2416
2421 2442 2444
2421 2427 2429
2421 2436 2437 2438
2421 2433 2434 2435 2436 2438
2421 2427 2428
2421 2436 2438
2421 2442 2444
2421 2430 2431 2448 2450
2421 2442 2443
2421 2422 2423
2421 2439 2440
2421 2427 2429
2421 2442 2444
2421 2439 2440 3649 3655 3656
2421 2448 2450
2421 2422 2442 2443
2421 2424 2426
2424 2425 2427 2428 2445 2447
2424 2426 2445 2446
2427 2429 2430 2432
2427 2428 2430 2432 2448 2449
2430 2431 2432 2436
2430 2431 2448 2450
2436 2448 2449
2445 2446 2447
2451 2455 2456
2451 2452 2454 2455 2457 2467 2469 2476 2477 3668 3669 3670 3671
2451 2470 2472 2728 2729 2731 2732 2734 2750 2751
2451 2458 2459 2476 2477
2451 2470 2472 2728 2750 2751
2451 2479 2481
2451 2470 2471 2728 2732 2733
2451 2464 2466 2467 2468 2479 2480
2451 2476 2478 3668 3669 3671
2451 2455 2456 2467 2469
2451 2467 2469
2451 2470 2471 3033 3043 3044
2451 2467 2469
2451 2452 2453 2454 3668 3669 3670
2451 2476 2478
2451 2458 2459
2451 2452 2453 2470 2471 2728 2753 2755
2451 2452 2453
2451 2458 2460 2476 2478 3668 3669 3670 3671
2451 2470 2471
2452 2453 2470 2472
2455 2456 2458 2459 2460
2455 2457 2467
2458 2460 2461 2462 2473 2475
2458 2459 2476 2478
2461 2463 2464 2465
2461 2462 2464 2466 2467 2468
2464 2465 2466
2467 2468 2469
2467 2479 2480 2481
2473 2474 2476 2477 2478
2473 2474 2475
2482 2501 2502
2482 2498 2500
2482 2495 2496 2513 2526 2528
2482 2501 2502 2503
2482 2483 2485
2482 2486 2488 2507 2508
2482 2498 2499 2500
2482 2489 2491 2498 2500
2482 2510 2512 2637 2638 2639 2656 2658
2483 2485 2504 2505
2486 2487 2492 2494
2486 2488 2507 2508 2509
2486 2487 2504 2506
2489 2490 2491
2492 2493 2510 2512
2492 2494 2498 2500
2495 2497 2498 2499
2495 2496 2497 2498 2499
2513 2538 2540
2513 2523 2525
2513 2517 2519
2513 2535 2536
2513 2538 2540
2513 2532 2533
2513 2526 2528 2529 2530
2513 2517 2518
2513 2517 2518 2535 2537
2513 2529 2530
2513 2523 2525
2513 2523 2524
2513 2541 2542
2513 2526 2527 2528
2513 2514 2516
2513 2538 2540
2513 2520 2521
2513 2535 2537
2514 2516 2535 2536
2514 2515 2532 2533 2534
2517 2518 2519 2538 2539
2535 2536 2537
2538 2539 2540
2544 2554 2555
2544 2563 2564 3215 3219 3220 3239 3240
2544 2548 2550
2544 2563 2565 3215 3219 3221
2544 2551 2552 2569 2570
2544 2572 2574
2544 2569 2571
2544 2572 2573
2544 2551 2553
2544 2557 2559 2560 2562
2544 2569 2570
2544 2554 2555
2544 2560 2563 2565 3366 3387 3389
2544 2551 2552
2544 2563 2564
2544 2557 2559 2560 2561 2562
2544 2572 2573
2544 2548 2549 2563 2565
2544 2551 2553
2544 2560 2561 2562
2544 2572 2573
2544 2548 2550 2551 2552
2545 2547 2566 2567
2545 2546 2547 2566 2567
2548 2549 2566 2568
2551 2552 2569 2571
2554 2556 2557 2558
2554 2555 2560 2562
2557 2558 2559 2572 2574
2560 2566 2567
2563 2564 2565
2566 2567 2568
2575 2579 2580
2575 2588 2590
2575 2588 2590
2575 2588 2589
2575 2600 2601 2602
2575 2597 2598
2575 2594 2595 2759 2769 2771 2772 2773 2775 2777
2575 2594 2595
2575 2591 2593
2575 2591 2592 2593
2575 2600 2601
2575 2576 2577
2575 2585 2587
2576 2577 2578 2591
2579 2581 2600 2601
2579 2580 2581
2582 2583 2600 2602
2582 2583 2584
2585 2587 2588 2589
2588 2589 2591 2593
2588 2590 2591 2592 2593
2591 2594 2596
2597 2598 2599
2606 2622 2624
2606 2616 2617 2619 2620 2631 2632
2606 2625 2627
2606 2610 2611 2622 2623
2606 2625 2626
2606 2613 2614
2606 2616 2618 2622 2623 2624
2606 2628 2630
2606 2610 2611 2628 2630
2606 2607 2608 2609 2625 2627
2606 2616 2618
2606 2610 2611
2607 2608 2625 2627
2613 2615 2634 2635 2636
2616 2618 2619 2620 2621 2622 2624
2616 2617 2634 2636
2619 2621 2622 2624
2619 2620 2621
2631 2632 2633 2634 2635
2637 2659 2660
2637 2650 2652 2665 2667
2637 2653 2655
2637 2638 2639
2637 2638 2640
2637 2653 2655
2637 2665 2667
2637 2650 2652
2637 2638 2640
2637 2641 2643 2662 2663
2637 2656 2658
2637 2641 2643
2637 2659 2660
2637 2662 2663 2665 2666
2637 2662 2664
2637 2659 2660
2637 2641 2642 2653 2655
2637 2638 2639 2640
2637 2644 2646
2637 2644 2645
2644 2645 2662 2664
2644 2645 2646
2644 2646 2647 2649
2647 2648 2649
2647 2649 2650 2651 2653 2655
2650 2652 2653 2654
2653 2654
2655
2668 2683 2685
2668 2686 2687
2668 2677 2678 2679
2668 2671 2672
2668 2683 2685
2668 2686
2668 2683 2685
2668 2694 2696
2668 2680 2682 2683 2684 2685
2668 2669
2668 2683 2684
2668 2669
2669 2670 2683
2671 2672 2673
2671 2673 2691 2692
2674 2675 2676
2674 2676 2694 2695
2677 2679 2680 2681
2677 2678 2694 2695 2696
2680 2681 2682
2683 2684
2683 2686 2687
2685
2697 2710 2711 2713 2715
2697 2716 2717 3481 3482 3483
2697 2710 2711
2697 2725 2727
2697 2710 2712
2697 2725 2727
2697 2701 2703
2697 2701 2703 2722 2723
2697 2707 2709 2725 2727
2697 2713 2715
2697 2716 2718
2697 2713 2714
2697 2707 2708
2697 2719 2721
2697 2719 2721
2697 2701 2702 2719 2721
2697 2701 2702
2697 2704 2705 2706
2698 2699 2716 2718
2698 2699 2700 2719 2720
2704 2706 2725 2726
2707 2708 2709 2710 2711 2713
2707 2709 2710 2711
2713 2714 2715
2713 2725 2726
2722 2724 2725 2726
2728 2738 2740 2741 2742 2743
2728 2729 2730
2728 2735 2736 2756 2758 3033 3061 3063
2728 2747 2748
2728 2735 2736 3033 3061 3062
2728 2747 2749 2753 2754 2755
2728 2741 2743 2744 2745
2728 2744 2746
2728 2738 2739
2728 2747 2748 2749
2728 2747 2748
2728 2741 2743
2728 2738 2740
2728 2744 2746 3033 3055 3057
2729 2730 2744 2745
2729 2731 2753 2755
2732 2734 2753 2754
2732 2733 2734 2753 2754
2735 2737 2753 2755
2735 2736 2737 2756 2757
2741 2743 2750 2752
2744 2747 2749
2744 2745
2750 2752 2756 2757 2758
2759 2763 2765 2781 2783
2759 2763 2765 2778 2780 3592 3605 3606
2759 2778 2779
2759 2784
2759 2781 2783 3153 3157 3158
2759 2781 2782
2759 2775 2777
2759 2760 2761
2759 2772 2774 2775 2777
2759 2763 2764
2759 2784 2785
2759 2766 2768
2759 2769 2770
2759 2769 2771
2759 2778 2780 3592 3605 3606
2759 2766 2767
2759 2786 2787
2759 2760 2761 3592 3619 3621
2760 2762 2781 2782
2760 2761 2778 2780
2760 2761 2762
2763 2764 2765 2775
2775 2778 2780
2775 2778 2779 2780
2775 2784 2785
2781 2782 2783
2789 2805
2789 2809 2811
2789 2815 2817
2789 2796 2798 2815 2816
2789 2799 2801
2789 2805
2789 2802 2803
2789 2805
2789 2802 2804
2789 2815 2816
2789 2799 2801 2802 2803 2809 2811
2789 2802 2804 2805
2789 2805 2809 2810 3424 3425 3426
2789 2802 2803 2804
2789 2805 2818 2840 2842
2789 2790 2792
2789 2812 2814
2789 2805
2789 2805
2789 2793 2795 2812 2814 3245 3252 3254
2789 2809 2810 3424 3425 3427
2789 2793 2794
2789 2805
2789 2805
2789 2796 2797
2790 2791 2792
2793 2795 2812 2813
2793 2794 2795 2806 2808
2796 2797 2806 2808 2812 2813
2796 2797 2798
2799 2800 2812 2814 2815 2817
2799 2800 2801
2806 2807 2808
2809 2810 2811
2815 2816 2817
2818 2843 2844
2818 2825 2826 2828 2829
2818 2846 2848
2818 2834 2836
2818 2828 2830
2818 2828 2829 2846 2848
2818 2843 2845
2818 2837 2839 2849 2856 2857
2818 2843 2844
2818 2846 2847
2818 2834 2836
2818 2822 2824 2840 2842
2818 2828 2830
2818 2822 2824
2818 2822 2823
2818 2831 2833
2818 2825 2826
2818 2840 2841
2818 2834 2836
2818 2837 2838
2818 2828 2830
2818 2831 2832
2818 2819 2820 2821 2849 2859 2861
2818 2825 2826 2843 2844 2845
2819 2820 2837 2839
2822 2823 2824
2825 2827 2846 2847
2831 2833 2834 2835 2836
2831 2832 2833
2834 2835 2836
2837 2838 2839
2846 2847 2848
2849 2865 2867
2849 2868 2870
2849 2859 2861
2849 2850 2852
2849 2850 2851
2849 2865 2866 2867
2849 2865 2867
2849 2862 2863
2849 2850 2851 2868 2870
2849 2853 2855
2849 2871 2873
2849 2874 2876
2849 2862 2863
2849 2865 2867
2849 2868 2869
2849 2862 2864
2849 2871 2872
2849 2856 2857
2849 2853 2855 2874 2875
2849 2859 2860
2849 2862 2864 2865 2866
2849 2859 2860
2849 2859 2861
2849 2859 2860 2877 2879
2850 2852 2871 2872
2853 2854 2874 2875
2856 2858 2877 2878
2862 2863 2865 2866
2880 2884 2885 2899 2900 2901 3488 3492 3494
2880 2887 2888 2890 2891
2880 2881 2883
2880 2893 2895
2880 2893 2894
2880 2884 2886 3488 3509 3510
2880 2884 2886
2880 2884 2886 2905 2906
2880 2887 2888 3488 3495 3496
2880 2890 2892
2880 2902 2903
2880 2884 2885 2902 2903 2905 2906 2907
2880 2881 2883 2902 2903 2904
2880 2884 2885
2881 2882 2890 2891
2884 2885 2902 2904
2887 2889 2908 2909
2887 2888 2905 2907
2890 2891 2905 2906 2907 2908 2910
2890 2892 2893 2894 2895
2896 2897 2898
2899 2901 2902 2904
2908 2909 2910
2911 2918 2919 2936 2937 2942 2967 2968 2969
2911 2924 2925 2926
2911 2918 2919 2942 2964 2965
2911 2924 2925 2926
2911 2915 2917 2936 2937
2911 2927 2942 2943 2944 2961 2963
2911 2921 2922 2939 2941 3396 3421 3422
2911 2939 2940 2941 2942 2958 2960
2911 2921 2922 3396 3421 3423
2911 2927 2928 2929
2911 2924 2926 2927 2942 2943 2944 2961 2963
2911 2915 2916 2933 2935 3396 3409 3410 3411 3412 3414
2911 2933 2934 2935
2911 2924 3396 3421 3423
2911 2927 2929
2911 2927 2928
2911 2927 2929 2942 2946 2948 2958 2959 2960
2911 2915 2917 2942 2946 2948
2911 2921 2922 2923
2911 2921 2923 2924 2925 2927 2942 2943 2944
2911 2912 2913 2930 2932 2942 2943 2944 3396 3406 3408
2911 2927 2929 2942 2943 2944 2949 2950
2912 2914 2933 2934
2915 2916 2921 2923 2924 2926
2915 2916 2936 2938
2918 2920 2939 2940
2918 2919 2936 2938
2918 2919 2920
2921 2922 2924
2927 2928
2930 2931 2932
2942 2958 2960
2942 2946 2948
2942 2958 2959
2942 2961 2962
2942 2967 2969
2942 2943 2945
2942 2955 2957 2958 2959
2942 2946 2947
2942 2964 2965
2942 2961 2962
2942 2952 2953 2958 2959 2960
2943 2945 2949 2950 2955 2957 2961 2962
2946 2948 2949 2950
2946 2947 2952 2954 2955 2956
2949 2951 2967 2969 2970 2971
2949 2950 2967 2969
2949 2950 2955 2956 2970 2971
2952 2954 2955 2956 2957
2952 2953 2954
2952 2953 2970 2972
2958 2964 2965 2966
2958 2967 2968
2967 2968 2969
2973 2982 2983
2973 2994 2996
2973 2994 2995
2973 2997 2998
2973 2976 2977
2973 2991 2992 3215 3230 3232
2973 2991 2993
2973 2994 2996
2973 2974
2973 2994 2995 2996
2973 2991 2992
2973 2974
2973 2982 2984
2973 2997 2998 2999
2973 2976 2978
2973 2991 2992 2993 3215 3230 3232
2973 2974 2975
2973 2985 2986
2973 3000 3001
2973 2994 2995
2973 2976 2977
2973 3000 3001
2976 2977 2979 2981 3000 3001
2976 2978 2997 2999
2979 2980 2997 2999
2979 2980 2981
2982 2984 2985 2986
2985 2986 2987 2988 2990
2985 2987 2988 2990 3000 3002
2988 2989 2990
3003 3007
3003 3027 3028
3003 3024 3025
3003 3004 3006
3003 3007 3008
3003 3030 3032
3003 3021 3023
3003 3030 3031
3003 3015 3017
3003 3004 3006 3024 3025
3003 3024 3026
3004 3005 3021 3023
3009 3010 3015 3016
3009 3011 3012 3014 3015 3016
3012 3013 3027 3029 3030 3032
3015 3016 3027 3029
3015 3017 3018 3019
3024 3025 3026
3033 3034 3035 3036
3033 3046 3048
3033 3037 3039 3058 3059
3033 3040 3042 3058 3059
3033 3055 3056
3033 3052 3053
3033 3055 3057
3033 3043 3044
3033 3043 3045 3049 3051 3061 3063
3033 3055 3056
3033 3046 3048 3049 3050
3033 3040 3041 3042
3033 3037 3038
3033 3052 3054
3033 3061 3063
3033 3061 3063
3033 3037 3038
3033 3049 3051
3034 3035 3052 3054
3040 3041 3058 3060
3043 3044 3045 3061 3063
3046 3047 3049 3050
3049 3050 3051
3064 3068 3070
3064 3089 3091
3064 3086 3087
3064 3083 3084
3064 3092 3094
3064 3077 3079
3064 3077 3079 3080 3081
3064 3065 3067 3086 3087
3064 3083 3084
3064 3077 3078
3064 3080 3082
3064 3071 3072
3064 3065 3067
3064 3068 3070 3089 3090
3064 3074 3075
3064 3089 3090
3064 3083 3084 3085
3064 3089 3091
3064 3077 3078
3064 3092 3093
3064 3074 3075
3064 3068 3069 3089 3090
3064 3071 3073
3064 3080 3082
3064 3086 3087 3088
3064 3074 3075 3092 3093 3094
3064 3071 3073 3092 3093
3064 3074 3076
3064 3065 3066
3065 3066 3068 3069
3068 3069 3086 3088
3068 3069 3083 3085
3071 3072 3073 3089 3091
3074 3076 3077 3078
3077 3078 3080 3082
3080 3081 3082
3095 3111
3095 3102 3104
3095 3111 3112
3095 3099 3101
3095 3113
3095 3102 3103 3104
3095 3113 3114
3095 3111
3095 3113
3095 3111 3112
3095 3111
3095 3115 3116
3095 3099 3100 3115 3117
3095 3121 3122
3095 3111 3112
3095 3118 3120
3095 3102 3103
3095 3113 3114
3096 3097 3113 3114
3096 3098 3099 3101 3118 3120
3102 3103 3111
3105 3106 3108 3109 3110
3111 3118 3120
3115 3116 3117
3118 3119 3120
3124 3134 3135
3124 3131 3132
3124 3150 3152
3124 3125 3126
3124 3141 3142
3124 3134 3136
3124 3139 3140
3124 3139
3124 3125 3127
3124 3150 3151
3124 3137 3138
3124 3134 3135 3150 3152
3124 3137 3138
3124 3144 3146
3124 3125 3127
3124 3141 3143
3124 3144 3145
3124 3125 3126
3124 3147 3149
3124 3144 3145
3124 3139 3140
3124 3128 3130
3124 3128 3129
3124 3147 3149
3124 3128 3130
3124 3131 3132
3124 3134 3136
3124 3134 3135
3125 3126 3127
3128 3129 3144 3146
3131 3132 3133
3131 3132 3147 3148
3153 3157 3159
3153 3154 3155
3153 3154 3155
3153 3160 3161
3153 3169 3170
3153 3154 3156
3153 3163 3165 3166 3167
3153 3169 3181 3183
3153 3175 3177
3153 3166 3168
3153 3175 3176
3153 3157 3159
3153 3169 3171
3153 3169 3170 3171
3153 3175 3177
3153 3163 3165 3178 3180
3153 3178 3179 3180
3153 3154 3156
3157 3159 3178 3179
3160 3162 3169
3163 3164 3166 3167 3168
3163 3164 3165
3163 3164 3169
3166 3168 3169 3171
3169 3171 3181 3182 3183
3172 3173 3174
3184 3212 3213 3214
3184 3212 3213
3184 3200 3202
3184 3209 3211
3184 3185 3186 3206 3207 3515 3531 3533
3184 3191 3193
3184 3209 3210
3184 3206 3208
3184 3191 3192 3209 3211
3184 3200 3202
3184 3209 3211
3184 3197 3198
3184 3191 3193
3184 3200 3202
3184 3194 3196 3197 3198
3184 3191 3192
3184 3191 3193
3184 3197 3199
3184 3188 3190
3184 3206 3208
3184 3188 3190
3184 3194 3195 3196
3184 3191 3193
3184 3206 3208
3184 3197 3199
3184 3200 3201
3184 3200 3201
3184 3191 3192 3209 3210
3185 3187 3206 3207
3185 3186 3203 3204 3205
3206 3207 3208
3215 3233 3234
3215 3239 3241
3215 3216 3218
3215 3239 3240
3215 3216 3218
3215 3236 3237
3215 3230 3232
3215 3236 3238
3215 3228 3229
3215 3228
3215 3216 3217 3233 3235
3215 3230 3231
3215 3236 3238
3215 3225 3227
3215 3225 3226 3242 3244
3215 3222 3223
3215 3236 3238
3215 3225 3227 3228
3215 3242 3244
3219 3221 3239 3240
3222 3223 3224
3222 3224 3242 3243
3228 3229 3230 3231
3230 3231 3232
3245 3270 3272
3245 3246 3247 3249 3250 3264 3265
3245 3273 3274
3245 3273 3274
3245 3261 3263
3245 3258 3259
3245 3270 3272
3245 3264 3265
3245 3252 3253
3245 3255 3257
3245 3249 3251
3245 3249 3251
3245 3255 3257
3245 3270 3271
3245 3249 3250
3245 3258 3260
3245 3273 3275
3245 3246 3247
3245 3258 3260
3245 3249 3250 3267 3269
3245 3261 3262
3245 3252 3254
3245 3246 3248 3264 3266
3245 3261 3263
3246 3248 3267 3268
3249 3250 3261
3252 3253 3254
3255 3256 3273 3275
3258 3260 3261 3262
3261 3267 3268 3269
3270 3271 3272
3276 3300 3301
3276 3300 3302
3276 3303 3304
3276 3300 3302
3276 3280 3281
3276 3282 3283
3276 3297 3298
3276 3297 3299
3276 3291 3292
3276 3291 3293
3276 3291 3292
3276 3294 3296
3276 3291 3293
3276 3282 3284
3276 3280
3276 3294 3296
3276 3285 3286
3276 3291 3293
3276 3288 3290
3276 3300 3302
3276 3282 3283
3276 3288 3290
3276 3285 3287
3276 3285 3286 3287
3276 3285 3287
3276 3294 3295
3276 3277 3279
3276 3280
3276 3300 3302
3276 3288 3289
3277 3279 3291
3277 3278 3291
3282 3284 3285 3286 3303 3304 3305
3291 3292 3293
3306 3322 3323
3306 3316 3318
3306 3313 3315
3306 3307 3308
3306 3334 3335
3306 3322 3323
3306 3328 3329
3306 3331 3332
3306 3316 3317 3318
3306 3319 3321
3306 3334 3336
3306 3319 3320
3306 3319 3321 3322 3323 3324
3306 3310 3311 3312
3306 3310 3311
3306 3316 3318
3306 3313 3314
3306 3334 3336
3306 3310 3312
3306 3325 3326
3316 3317 3318
3319 3320 3321
3334 3335 3336
3337 3350 3352
3337 3363 3365
3337 3362
3337 3347 3349
3337 3344 3346
3337 3338 3339
3337 3362
3337 3338 3340
3337 3344 3345
3337 3363 3364
3337 3338 3340
3337 3341 3343
3337 3363 3364
3337 3363 3365
3337 3353 3355
3337 3359 3361
3337 3353 3354
3337 3359 3360
3337 3359 3360
3337 3353 3355
3337 3350 3351
3337 3347 3349
3337 3353 3355
3337 3362
3337 3347 3348
3337 3347 3348
3337 3350 3351
3344 3346 3353
3350 3352 3353 3354
3366 3385 3386 3682 3683 3684
3366 3382 3383
3366 3385
3366 3367 3368 3369
3366 3390 3391
3366 3373 3375 3382 3384
3366 3376 3378
3366 3387 3388
3366 3373 3374
3366 3376 3378
3366 3385 3386
3366 3370 3372
3366 3385 3386
3366 3367 3368
3366 3387 3388
3366 3390 3391
3373 3374 3375 3390 3391
3373 3374 3390 3392
3376 3377 3393 3394 3395
3376 3377 3378 3379 3380
3379 3381 3382 3384
3382 3383 3384
3396 3403 3404
3396 3418 3419
3396 3397 3398
3396 3403 3404
3396
3396 3418 3420
3396 3418 3420
3396 3415 3416
3396 3406 3407
3396 3397 3399
3396 3406 3407
3396 3403 3405
3396 3415 3416
3396 3488 3512 3513
3396
3396 3397 3399
3396 3397 3398
3396 3418 3419
3396 3406 3408
3396 3418 3420
3396 3406 3408
3396 3400 3402
3396 3400 3402
3396 3403 3404
3396
3406 3408 3409 3410
3409 3411 3412 3413
3412 3413 3414
3424 3443
3424 3431 3433
3424 3443
3424 3443
3424 3431 3432
3424 3445 3446 3447
3424 3448 3450
3424
3424 3443 3444
3424 3434 3436 3437 3438
3424
3424 3431 3432
3424 3428 3430
3424 3440 3442
3424 3440 3441
3424
3424 3425 3427 3443 3444
3424 3448 3450
3424 3428 3430
3424 3431 3432 3445 3447
3424
3424
3424
3425 3426 3443 3444
3428 3430 3445 3446
3434 3435 3436
3440 3441 3442
3451 3464 3465
3451 3461 3463
3451 3473 3474
3451 3475 3477
3451 3461 3463
3451 3461 3462
3451 3461 3463
3451 3467 3468 3469
3451 3452 3453
3451 3467 3468 3469
3451 3473
3451 3464 3466
3451 3478 3480
3451 3464 3466
3451 3464 3465
3451 3458 3460
3451 3470 3472
3451 3475 3476
3451 3458 3459 3460
3451 3455 3456
3451 3464 3466
3451 3473
3451 3455 3457
3451 3461 3462
3451 3475 3476
3452 3453 3454
3455 3457 3475 3476 3477
3478 3479 3480
3481 3485 3486 3487
3481 3485 3487
3481 3482 3484
3481 3482 3483 3485 3486 3487
3481 3482 3483
3488 3495 3497
3488 3495 3497
3488 3512 3513
3488 3504 3506
3488 3501 3503 3504 3505
3488 3498 3500
3488 3512 3514
3488 3512 3514
3488 3504 3505
3488 3489 3491
3488 3504 3506
3488 3492 3493 3507
3488 3512 3514
3488 3492 3493 3494
3488 3495 3496
3488 3672
3488 3501 3502
3488 3498 3499
3488 3504 3506
3488 3509 3510
3488 3501 3502
3488 3507
3488 3498 3499
3488 3509 3511
3489 3490 3491 3507 3508
3489 3490
3495 3497 3512 3513
3515 3522 3523 3524
3515 3543 3544
3515 3519 3520
3515 3531 3532
3515 3543 3545
3515 3525 3526
3515 3534 3536
3515 3522 3523
3515 3519 3521
3515 3525 3527
3515 3516 3517 3534 3535
3515 3516 3518
3515 3525 3526
3515 3543 3544
3515 3537 3538 3539
3515 3516 3517
3515 3537 3539
3516 3517 3534 3536
3519 3521 3540 3541
3540 3541 3542
3546 3552 3553
3546 3558 3560
3546 3558 3559
3546 3547 3548
3546 3549 3550
3546 3558 3560
3546 3549 3550
3546 3549 3550
3546 3558 3559
3549 3551 3555 3557
3552 3553 3555 3557
3552 3554 3555 3556
3555 3556 3557
3561 3562 3563
3561 3574 3575
3561 3568 3569
3561 3577 3579
3561 3583 3585
3561 3565 3567
3561 3583 3584
3561 3589 3590
3561 3571 3573
3561 3580 3582
3561 3571 3573 3589 3591
3561 3562 3564
3561 3580 3582
3568 3569 3586 3588
3574 3575 3576
3577 3578 3579
3592 3608 3610
3592 3593 3595
3592 3613 3615
3592 3608 3609
3592 3602 3603
3592 3593 3594
3592 3619 3620 3621
3592 3605 3607 3608 3610
3592 3593 3594
3592 3602 3603 3604
3592 3599 3601
3592 3616 3617
3592 3593 3594
3592 3608 3609
3592 3596 3597
3602 3604 3619 3621
3608 3609 3610
3613 3614 3615
3622 3623 3624
3622 3623 3625
3622 3628 3630
3622 3623 3625
3622 3626
3622 3628 3629
3622 3623 3624
3622 3626 3627
3622 3628 3629
3622 3626
3631 3634 3636
3631 3634 3635
3631 3632 3633
3631 3632 3633
3631 3634 3636
3634 3635 3636
3640 3643 3645
3640 3641 3642
3640 3646 3647
3640 3641 3642
3640 3643 3644
3640 3643 3644
3643 3645 3646 3647 3648
3646 3647 3648
3649 3655 3656
3649 3650 3651
3649 3655 3657
3649 3652 3654
3649 3652 3653
3650 3651 3652 3653
3658 3659 3660
3659 3660
3661
3662 3663 3664
3662 3665 3667
3672 3673 3674
3672
3672 3675 3677
3672 3675 3676
3672 3675 3677
3672 3675 3676
3672
3682 3683 3684
3685 3686 3687
3685 3686 3687
1
10659
1
1
1
1
1
1
1
1
1
1
1
1
1
1
1
1
1
1
1
1
1
1
1
1
1
1
1
1
1
1
1
1
2
1
1
2
1
1
2
1
1
2
1
1
2
1
1
2
1
1
4
1
1
4
1
1
3
1
1
2
1
1
1
1
1
1
1
1
1
1
1
1
1
1
1
1
1
1
1
1
1
1
1
1
1
1
1
1
1
1
1
1
1
1
1
1
1
1
1
1
1
1
1
1
1
1
1
1
1
1
1
1
1
1
1
1
1
1
1
1
1
1
1
1
37
3
1
1
4
1
1
4
1
1
4
1
1
4
1
1
4
1
1
2
1
1
4
1
1
4
1
1
4
1
1
1
1
1
1
1
1
1
1
1
1
1
1
1
1
1
1
1
1
1
1
1
1
1
1
1
1
1
1
1
1
1
1
1
1
1
1
1
1
1
1
1
1
1
1
1
1
1
1
1
1
1
1
1
1
1
1
1
1
1
1
1
1
1
1
1
1
1
1
1
1
1
1
1
1
1
1
1
1
1
1
1
1
1
1
1
1
1
1
1
1
1
1
1
1
1
1
1
1
1
1
1
1
1
1
1
1
1
1
1
1
1
1
1
1
1
1
1
1
1
1
1
1
1
1
30
2
1
1
2
1
1
4
1
1
4
1
1
4
1
1
4
1
1
2
1
1
2
1
1
2
1
1
4
1
1
22
2
1
1
2
1
1
2
1
1
2
1
1
2
1
1
4
1
1
2
1
1
2
1
1
2
1
1
2
1
1
22
2
1
1
2
1
1
2
1
1
2
1
1
2
1
1
4
1
1
2
1
1
2
1
1
2
1
1
2
1
1
30
2
1
1
2
1
1
4
1
1
4
1
1
4
1
1
4
1
1
2
1
1
2
1
1
2
1
1
4
1
1
32
2
1
1
2
1
1
4
1
1
4
1
1
4
1
1
4
1
1
2
1
1
2
1
1
4
1
1
4
1
1
28
2
1
1
2
1
1
2
1
1
4
1
1
4
1
1
4
1
1
2
1
1
2
1
1
2
1
1
4
1
1
24
2
1
1
2
1
1
2
1
1
2
1
1
4
1
1
4
1
1
2
1
1
2
1
1
2
1
1
2
1
1
26
2
1
1
2
1
1
2
1
1
4
1
1
4
1
1
4
1
1
2
1
1
2
1
1
2
1
1
2
1
1
25
2
1
1
2
1
1
2
1
1
3
1
1
4
1
1
4
1
1
2
1
1
2
1
1
2
1
1
2
1
1
22
2
1
1
2
1
1
2
1
1
2
1
1
2
1
1
4
1
1
2
1
1
2
1
1
2
1
1
2
1
1
31
2
1
1
2
1
1
4
1
1
4
1
1
4
1
1
4
1
1
2
1
1
2
1
1
3
1
1
4
1
1
35
2
1
1
4
1
1
4
1
1
4
1
1
4
1
1
4
1
1
2
1
1
3
1
1
4
1
1
4
1
1
30
2
1
1
2
1
1
4
1
1
4
1
1
4
1
1
4
1
1
2
1
1
2
1
1
2
1
1
4
1
1
24
2
1
1
2
1
1
2
1
1
2
1
1
4
1
1
4
1
1
2
1
1
2
1
1
2
1
1
2
1
1
23
2
1
1
2
1
1
2
1
1
2
1
1
3
1
1
4
1
1
2
1
1
2
1
1
2
1
1
2
1
1
26
2
1
1
2
1
1
2
1
1
4
1
1
4
1
1
4
1
1
2
1
1
2
1
1
2
1
1
2
1
1
23
2
1
1
2
1
1
2
1
1
2
1
1
3
1
1
4
1
1
2
1
1
2
1
1
2
1
1
2
1
1
29
2
1
1
2
1
1
3
1
1
4
1
1
4
1
1
4
1
1
2
1
1
2
1
1
2
1
1
4
1
1
24
2
1
1
2
1
1
2
1
1
2
1
1
4
1
1
4
1
1
2
1
1
2
1
1
2
1
1
2
1
1
25
2
1
1
2
1
1
2
1
1
4
1
1
4
1
1
3
1
1
2
1
1
2
1
1
2
1
1
2
1
1
32
2
1
1
2
1
1
4
1
1
4
1
1
4
1
1
4
1
1
2
1
1
2
1
1
4
1
1
4
1
1
24
2
1
1
2
1
1
2
1
1
2
1
1
4
1
1
4
1
1
2
1
1
2
1
1
2
1
1
2
1
1
34
2
1
1
4
1
1
4
1
1
4
1
1
4
1
1
4
1
1
2
1
1
2
1
1
4
1
1
4
1
1
34
2
1
1
4
1
1
4
1
1
4
1
1
4
1
1
4
1
1
2
1
1
2
1
1
4
1
1
4
1
1
27
2
1
1
2
1
1
2
1
1
4
1
1
4
1
1
4
1
1
2
1
1
2
1
1
2
1
1
3
1
1
29
2
1
1
2
1
1
3
1
1
4
1
1
4
1
1
4
1
1
2
1
1
2
1
1
2
1
1
4
1
1
28
2
1
1
2
1
1
2
1
1
4
1
1
4
1
1
4
1
1
2
1
1
2
1
1
2
1
1
4
1
1
23
2
1
1
2
1
1
2
1
1
2
1
1
3
1
1
4
1
1
2
1
1
2
1
1
2
1
1
2
1
1
29
2
1
1
2
1
1
3
1
1
4
1
1
4
1
1
4
1
1
2
1
1
2
1
1
2
1
1
4
1
1
29
1
1
1
2
1
1
3
1
1
4
1
1
4
1
1
4
1
1
2
1
1
2
1
1
2
1
1
4
1
1
28
2
1
1
2
1
1
2
1
1
4
1
1
4
1
1
4
1
1
2
1
1
2
1
1
2
1
1
4
1
1
35
3
1
1
4
1
1
4
1
1
4
1
1
4
1
1
4
1
1
2
1
1
4
1
1
2
1
1
1
1
1
1
1
1
1
1
1
1
1
1
1
1
1
1
1
1
1
1
1
1
1
1
1
1
1
1
1
1
1
1
1
1
24
2
1
1
2
1
1
2
1
1
2
1
1
4
1
1
4
1
1
2
1
1
2
1
1
2
1
1
2
1
1
35
2
1
1
4
1
1
4
1
1
4
1
1
4
1
1
4
1
1
2
1
1
4
1
1
3
1
1
4
1
1
35
1
1
1
4
1
1
4
1
1
4
1
1
4
1
1
4
1
1
2
1
1
3
1
1
4
1
1
4
1
1
36
2
1
1
4
1
1
4
1
1
4
1
1
4
1
1
4
1
1
2
1
1
4
1
1
4
1
1
4
1
1
28
2
1
1
2
1
1
2
1
1
4
1
1
4
1
1
4
1
1
2
1
1
2
1
1
2
1
1
4
1
1
35
2
1
1
4
1
1
4
1
1
4
1
1
4
1
1
4
1
1
2
1
1
3
1
1
4
1
1
4
1
1
27
2
1
1
2
1
1
2
1
1
4
1
1
4
1
1
3
1
1
2
1
1
2
1
1
2
1
1
4
1
1
24
2
1
1
2
1
1
2
1
1
2
1
1
4
1
1
4
1
1
2
1
1
2
1
1
2
1
1
2
1
1
22
2
1
1
2
1
1
2
1
1
2
1
1
2
1
1
4
1
1
2
1
1
2
1
1
2
1
1
2
1
1
26
2
1
1
2
1
1
2
1
1
4
1
1
4
1
1
4
1
1
2
1
1
2
1
1
2
1
1
2
1
1
37
4
1
1
4
1
1
4
1
1
4
1
1
4
1
1
4
1
1
2
1
1
3
1
1
4
1
1
4
1
1
25
2
1
1
2
1
1
2
1
1
3
1
1
4
1
1
4
1
1
2
1
1
2
1
1
2
1
1
2
1
1
26
2
1
1
2
1
1
2
1
1
4
1
1
4
1
1
4
1
1
2
1
1
2
1
1
2
1
1
2
1
1
35
2
1
1
4
1
1
4
1
1
4
1
1
4
1
1
4
1
1
2
1
1
3
1
1
4
1
1
4
1
1
33
2
1
1
3
1
1
4
1
1
4
1
1
4
1
1
4
1
1
2
1
1
2
1
1
4
1
1
4
1
1
26
2
1
1
2
1
1
2
1
1
4
1
1
4
1
1
2
1
1
2
1
1
2
1
1
2
1
1
4
1
1
25
2
1
1
1
1
1
2
1
1
4
1
1
4
1
1
2
1
1
2
1
1
2
1
1
2
1
1
3
1
1
25
2
1
1
2
1
1
2
1
1
4
1
1
4
1
1
2
1
1
2
1
1
2
1
1
2
1
1
3
1
1
28
2
1
1
2
1
1
2
1
1
4
1
1
4
1
1
4
1
1
2
1
1
2
1
1
2
1
1
4
1
1
27
2
1
1
2
1
1
2
1
1
4
1
1
4
1
1
4
1
1
2
1
1
2
1
1
2
1
1
3
1
1
26
2
1
1
2
1
1
2
1
1
4
1
1
4
1
1
4
1
1
2
1
1
2
1
1
2
1
1
2
1
1
29
2
1
1
2
1
1
3
1
1
4
1
1
4
1
1
4
1
1
2
1
1
2
1
1
2
1
1
4
1
1
25
2
1
1
2
1
1
2
1
1
4
1
1
4
1
1
3
1
1
2
1
1
2
1
1
2
1
1
2
1
1
25
2
1
1
2
1
1
2
1
1
3
1
1
4
1
1
4
1
1
2
1
1
2
1
1
2
1
1
2
1
1
25
2
1
1
2
1
1
2
1
1
4
1
1
4
1
1
3
1
1
2
1
1
2
1
1
2
1
1
2
1
1
29
2
1
1
2
1
1
3
1
1
4
1
1
4
1
1
4
1
1
2
1
1
2
1
1
2
1
1
4
1
1
32
2
1
1
2
1
1
4
1
1
4
1
1
4
1
1
4
1
1
2
1
1
2
1
1
4
1
1
4
1
1
21
2
1
1
2
1
1
2
1
1
2
1
1
2
1
1
3
1
1
2
1
1
2
1
1
2
1
1
2
1
1
23
2
1
1
2
1
1
2
1
1
2
1
1
4
1
1
3
1
1
2
1
1
2
1
1
2
1
1
2
1
1
23
2
1
1
2
1
1
2
1
1
2
1
1
3
1
1
4
1
1
2
1
1
2
1
1
2
1
1
2
1
1
29
2
1
1
2
1
1
3
1
1
4
1
1
4
1
1
4
1
1
2
1
1
2
1
1
2
1
1
4
1
1
1
2
1
1
2
1
1
4
1
1
3
1
1
4
1
1
4
1
1
2
1
1
2
1
1
2
1
1
4
1
1
21
2
1
1
2
1
1
2
1
1
2
1
1
2
1
1
3
1
1
1
1
1
1
1
1
1
1
1
1
1
1
1
1
1
1
1
1
1
1
1
1
1
1
1
1
1
1
1
1
1
2
1
1
2
1
1
2
1
1
3
1
1
20
2
1
1
2
1
1
2
1
1
2
1
1
2
1
1
2
1
1
2
1
1
2
1
1
1
1
1
1
1
1
1
1
1
1
1
1
1
1
1
1
1
1
1
1
1
1
1
1
1
1
1
1
1
1
1
1
1
1
1
1
1
1
1
1
1
1
1
1
1
1
1
1
1
1
1
1
1
1
1
1
1
1
1
1
1
1
1
1
1
1
1
1
1
1
1
1
1
1
1
1
1
1
1
1
1
1
1
1
1
1
1
1
1
1
1
1
1
1
1
1
1
1
1
1
1
1
1
1
1
1
1
1
1
1
1
1
1
1
1
1
1
1
1
1
1
1
1
1
1
1
1
1
1
1
1
1
1
1
1
1
1
1
1
1
1
1
1
1
1
1
1
1
1
1
1
1
1
1
1
1
1
1
1
1
1
1
1
1
1
1
1
1
1
1
1
1
1
1
1
1
1
1
1
1
1
1
1
1
1
1
1
1
1
1
1
1
1
1
1
1
1
1
1
1
1
1
1
1
1
1
1
1
1
1
1
1
1
1
1
1
1
1
1
1
1
1
1
1
1
1
1
1
1
1
1
1
1
1
1
1
1
1
1
1
1
1
1
1
1
1
1
1
1
1
1
1
1
1
1
1
1
1
1
1
1
1
1
1
1
1
1
1
1
1
1
1
1
1
1
1
1
1
1
1
1
1
1
1
1
1
1
1
1
1
1
1
1
1
1
1
1
1
1
1
1
1
1
1
1
1
1
1
1
1
1
1
1
1
1
1
1
1
1
1
1
1
1
1
1
1
1
1
1
1
1
1
1
1
1
2
1
1
2
1
1
2
1
1
4
1
1
25
2
1
1
2
1
1
2
1
1
3
1
1
4
1
1
4
1
1
1
1
1
1
1
1
1
1
1
1
1
1
1
1
1
1
1
1
1
1
1
1
1
1
1
1
1
1
1
1
1
1
1
1
1
1
1
1
1
1
1
1
1
1
1
1
1
1
1
1
1
1
1
1
1
1
1
1
1
1
1
1
1
1
1
1
1
1
1
1
1
1
1
1
1
1
1
1
1
1
1
1
1
1
1
1
1
1
1
1
1
1
1
1
1
1
1
1
1
1
1
1
1
1
1
1
1
1
1
1
1
1
1
1
1
1
1
1
1
1
1
1
1
1
1
1
1
1
1
1
1
1
1
1
1
1
1
1
1
1
1
1
1
1
1
1
1
1
1
1
1
1
1
1
1
1
1
1
1
1
1
1
1
1
1
1
1
1
1
1
1
1
1
1
1
1
1
1
1
1
1
1
1
1
1
1
1
1
1
1
1
1
1
1
1
1
1
1
1
1
1
1
1
1
1
1
1
1
1
1
1
1
1
1
1
1
1
1
1
1
1
1
1
1
1
1
1
1
1
1
1
1
1
1
1
1
1
1
1
1
1
1
1
1
1
1
1
1
1
1
1
1
1
1
1
1
1
1
1
1
1
1
1
1
1
1
1
1
1
1
1
1
1
1
1
1
1
1
1
1
1
1
1
1
1
1
1
1
1
1
1
1
1
1
1
1
1
1
1
1
1
1
1
1
1
1
1
1
1
1
1
1
1
1
1
1
1
1
1
1
1
1
1
1
1
1
1
1
1
1
1
1
1
1
1
1
1
1
1
1
1
1
1
1
1
1
1
1
1
1
1
1
1
1
1
1
1
1
1
1
1
1
1
1
1
1
1
1
1
1
1
1
1
1
1
1
1
1
1
1
1
1
1
1
1
1
1
1
1
1
1
1
1
1
1
1
1
1
1
1
1
1
1
1
1
1
1
1
1
1
1
1
1
1
1
1
1
1
1
1
1
1
1
1
1
1
1
1
1
1
1
1
1
1
1
1
1
1
1
1
1
1
1
1
1
1
1
1
1
1
1
1
1
1
1
1
1
1
1
1
1
1
1
1
1
1
1
1
1
1
1
1
1
1
1
1
1
1
1
1
1
1
1
1
1
1
1
1
1
1
1
1
1
1
1
1
1
1
1
1
1
1
1
1
1
1
1
1
1
1
1
1
1
1
1
1
1
1
1
1
1
1
1
1
1
1
1
1
1
1
1
1
1
1
1
1
1
1
1
1
1
1
1
1
1
1
1
1
1
1
1
1
1
1
1
1
1
1
1
1
1
1
1
1
1
1
1
1
1
1
1
1
1
1
1
1
1
1
1
1
1
1
1
1
1
1
1
1
1
1
1
1
1
1
1
1
1
1
1
1
1
1
1
1
1
1
1
1
1
1
1
1
1
1
1
1
1
1
1
1
1
1
1
1
1
1
1
1
1
1
1
1
1
1
1
1
1
1
1
1
1
1
1
1
1
1
1
1
1
1
1
1
1
1
1
1
1
1
1
1
1
1
1
1
1
1
1
1
1
1
1
1
1
1
1
1
1
1
1
1
1
1
1
1
1
1
1
1
1
1
1
1
1
1
28
2
1
1
2
1
1
2
1
1
4
1
1
4
1
1
4
1
1
2
1
1
2
1
1
2
1
1
4
1
1
25
2
1
1
2
1
1
2
1
1
3
1
1
4
1
1
4
1
1
2
1
1
2
1
1
2
1
1
2
1
1
1
1
1
1
1
1
1
1
1
1
1
1
1
1
1
1
1
1
1
1
1
1
1
1
1
1
1
1
1
1
1
1
1
1
1
1
1
1
1
1
1
1
1
1
1
1
1
1
1
1
1
1
1
1
1
1
1
1
1
1
1
1
1
1
1
1
1
1
1
1
1
1
1
1
1
1
1
1
1
1
1
1
1
1
1
1
1
1
1
1
1
1
1
26
2
1
1
2
1
1
2
1
1
4
1
1
4
1
1
4
1
1
2
1
1
2
1
1
2
1
1
2
1
1
28
2
1
1
2
1
1
1
1
1
4
1
1
4
1
1
4
1
1
2
1
1
2
1
1
2
1
1
4
1
1
23
2
1
1
2
1
1
2
1
1
2
1
1
3
1
1
4
1
1
2
1
1
2
1
1
2
1
1
2
1
1
28
2
1
1
2
1
1
2
1
1
4
1
1
4
1
1
4
1
1
2
1
1
2
1
1
2
1
1
4
1
1
25
2
1
1
2
1
1
2
1
1
3
1
1
4
1
1
4
1
1
2
1
1
2
1
1
2
1
1
2
1
1
1
1
1
1
1
1
1
1
1
1
1
1
1
1
1
1
1
1
1
1
1
1
1
1
1
1
1
1
1
1
1
23
2
1
1
2
1
1
2
1
1
2
1
1
3
1
1
4
1
1
2
1
1
2
1
1
2
1
1
2
1
1
26
2
1
1
2
1
1
2
1
1
4
1
1
4
1
1
4
1
1
2
1
1
2
1
1
2
1
1
2
1
1
26
2
1
1
2
1
1
2
1
1
4
1
1
4
1
1
4
1
1
2
1
1
2
1
1
2
1
1
2
1
1
21
2
1
1
2
1
1
2
1
1
2
1
1
2
1
1
3
1
1
2
1
1
2
1
1
2
1
1
2
1
1
26
2
1
1
2
1
1
2
1
1
4
1
1
4
1
1
4
1
1
2
1
1
2
1
1
2
1
1
2
1
1
27
1
1
1
2
1
1
2
1
1
4
1
1
4
1
1
4
1
1
